1.0		
210.0	3.81E-19	1.0
212.0	3.31E-19	1.0
214.0	2.95E-19	1.0
216.0	2.54E-19	1.0
218.0	2.17E-19	1.0
220.0	1.89E-19	1.0
222.0	1.60E-19	1.0
224.0	1.39E-19	1.0
226.0	1.20E-19	1.0
228.0	1.05E-19	1.0
230.0	9.10E-20	1.0
232.0	8.01E-20	1.0
234.0	7.03E-20	1.0
236.0	6.31E-20	1.0
238.0	5.61E-20	1.0
240.0	5.03E-20	1.0
242.0	4.83E-20	1.0
244.0	4.31E-20	1.0
246.0	3.82E-20	1.0
248.0	3.41E-20	1.0
250.0	3.05E-20	1.0
252.0	2.71E-20	1.0
254.0	2.42E-20	1.0
256.0	2.16E-20	1.0
258.0	1.93E-20	1.0
260.0	1.71E-20	1.0
262.0	1.53E-20	1.0
264.0	1.35E-20	1.0
266.0	1.21E-20	1.0
268.0	1.06E-20	1.0
270.0	9.45E-21	1.0
272.0	8.35E-21	1.0
274.0	7.42E-21	1.0
276.0	6.51E-21	1.0
278.0	5.74E-21	1.0
280.0	5.06E-21	1.0
282.0	4.44E-21	1.0
284.0	3.86E-21	1.0
286.0	3.34E-21	1.0
288.0	2.97E-21	1.0
290.0	2.56E-21	1.0
292.0	2.26E-21	1.0
294.0	1.93E-21	1.0
296.0	1.70E-21	1.0
298.0	1.41E-21	1.0
300.0	1.23E-21	1.0
302.0	1.07E-21	1.0
304.0	9.40E-22	1.0
306.0	7.80E-22	1.0
308.0	6.90E-22	1.0
310.0	5.92E-22	1.0
312.0	5.08E-22	1.0
314.0	4.36E-22	1.0
316.0	3.75E-22	1.0
318.0	3.22E-22	1.0
320.0	2.76E-22	1.0
322.0	2.37E-22	1.0
324.0	2.03E-22	1.0
326.0	1.75E-22	1.0
328.0	1.50E-22	1.0
330.0	1.29E-22	1.0
332.0	1.10E-22	1.0
334.0	9.48E-23	1.0
336.0	8.14E-23	1.0
338.0	6.99E-23	1.0
340.0	0.00E+00	1.0
