   0.0000000000000000                1           1
   0.0000000000000000                2           1
   0.0000000000000000                3           1
   0.0000000000000000                4           1
   0.0000000000000000                5           1
   0.0000000000000000                6           1
   0.0000000000000000                7           1
   0.0000000000000000                8           1
   0.0000000000000000                9           1
   0.0000000000000000               10           1
   0.0000000000000000               11           1
   0.0000000000000000               12           1
   0.0000000000000000               13           1
   0.0000000000000000               14           1
   0.0000000000000000               15           1
   0.0000000000000000               16           1
   0.0000000000000000               17           1
   0.0000000000000000               18           1
   0.0000000000000000               19           1
   0.0000000000000000               20           1
   0.0000000000000000               21           1
   0.0000000000000000               22           1
   0.0000000000000000               23           1
   0.0000000000000000               24           1
   0.0000000000000000               25           1
   0.0000000000000000               26           1
   0.0000000000000000               27           1
   0.0000000000000000               28           1
   0.0000000000000000               29           1
   0.0000000000000000               30           1
   0.0000000000000000               31           1
   0.0000000000000000               32           1
   0.0000000000000000               33           1
   0.0000000000000000               34           1
   0.0000000000000000                1           2
   0.0000000000000000                2           2
   0.0000000000000000                3           2
   0.0000000000000000                4           2
   0.0000000000000000                5           2
   0.0000000000000000                6           2
   0.0000000000000000                7           2
   0.0000000000000000                8           2
   0.0000000000000000                9           2
   0.0000000000000000               10           2
   0.0000000000000000               11           2
   0.0000000000000000               12           2
   0.0000000000000000               13           2
   0.0000000000000000               14           2
   0.0000000000000000               15           2
   0.0000000000000000               16           2
   0.0000000000000000               17           2
   0.0000000000000000               18           2
   0.0000000000000000               19           2
   0.0000000000000000               20           2
   0.0000000000000000               21           2
   0.0000000000000000               22           2
   0.0000000000000000               23           2
   0.0000000000000000               24           2
   0.0000000000000000               25           2
   0.0000000000000000               26           2
   0.0000000000000000               27           2
   0.0000000000000000               28           2
   0.0000000000000000               29           2
   0.0000000000000000               30           2
   0.0000000000000000               31           2
   0.0000000000000000               32           2
   0.0000000000000000               33           2
   0.0000000000000000               34           2
   0.0000000000000000                1           3
   7.6144342892749996E-005           2           3
   0.0000000000000000                3           3
   0.0000000000000000                4           3
   0.0000000000000000                5           3
   0.0000000000000000                6           3
   0.0000000000000000                7           3
   0.0000000000000000                8           3
   0.0000000000000000                9           3
   0.0000000000000000               10           3
   0.0000000000000000               11           3
   0.0000000000000000               12           3
   0.0000000000000000               13           3
   0.0000000000000000               14           3
   0.0000000000000000               15           3
   0.0000000000000000               16           3
   0.0000000000000000               17           3
   0.0000000000000000               18           3
   0.0000000000000000               19           3
   0.0000000000000000               20           3
   0.0000000000000000               21           3
   0.0000000000000000               22           3
   0.0000000000000000               23           3
   0.0000000000000000               24           3
   0.0000000000000000               25           3
   0.0000000000000000               26           3
   0.0000000000000000               27           3
   0.0000000000000000               28           3
   0.0000000000000000               29           3
   0.0000000000000000               30           3
   0.0000000000000000               31           3
   0.0000000000000000               32           3
   0.0000000000000000               33           3
   0.0000000000000000               34           3
   3.6549866490500003E-005           1           4
   2.2843666957000000E-004           2           4
   0.0000000000000000                3           4
   0.0000000000000000                4           4
   0.0000000000000000                5           4
   0.0000000000000000                6           4
   0.0000000000000000                7           4
   0.0000000000000000                8           4
   0.0000000000000000                9           4
   0.0000000000000000               10           4
   0.0000000000000000               11           4
   0.0000000000000000               12           4
   0.0000000000000000               13           4
   0.0000000000000000               14           4
   0.0000000000000000               15           4
   0.0000000000000000               16           4
   0.0000000000000000               17           4
   0.0000000000000000               18           4
   0.0000000000000000               19           4
   0.0000000000000000               20           4
   0.0000000000000000               21           4
   0.0000000000000000               22           4
   0.0000000000000000               23           4
   0.0000000000000000               24           4
   0.0000000000000000               25           4
   0.0000000000000000               26           4
   0.0000000000000000               27           4
   0.0000000000000000               28           4
   0.0000000000000000               29           4
   0.0000000000000000               30           4
   0.0000000000000000               31           4
   0.0000000000000000               32           4
   0.0000000000000000               33           4
   0.0000000000000000               34           4
   7.3099732981125000E-005           1           5
   3.0458284309000001E-004           2           5
   0.0000000000000000                3           5
   0.0000000000000000                4           5
   0.0000000000000000                5           5
   0.0000000000000000                6           5
   0.0000000000000000                7           5
   0.0000000000000000                8           5
   0.0000000000000000                9           5
   0.0000000000000000               10           5
   0.0000000000000000               11           5
   0.0000000000000000               12           5
   0.0000000000000000               13           5
   0.0000000000000000               14           5
   0.0000000000000000               15           5
   0.0000000000000000               16           5
   0.0000000000000000               17           5
   0.0000000000000000               18           5
   0.0000000000000000               19           5
   0.0000000000000000               20           5
   0.0000000000000000               21           5
   0.0000000000000000               22           5
   0.0000000000000000               23           5
   0.0000000000000000               24           5
   0.0000000000000000               25           5
   0.0000000000000000               26           5
   0.0000000000000000               27           5
   0.0000000000000000               28           5
   0.0000000000000000               29           5
   0.0000000000000000               30           5
   0.0000000000000000               31           5
   0.0000000000000000               32           5
   0.0000000000000000               33           5
   0.0000000000000000               34           5
   7.3099732981125000E-005           1           6
   3.0458284309000001E-004           2           6
   0.0000000000000000                3           6
   0.0000000000000000                4           6
   0.0000000000000000                5           6
   0.0000000000000000                6           6
   0.0000000000000000                7           6
   0.0000000000000000                8           6
   0.0000000000000000                9           6
   0.0000000000000000               10           6
   0.0000000000000000               11           6
   0.0000000000000000               12           6
   0.0000000000000000               13           6
   0.0000000000000000               14           6
   0.0000000000000000               15           6
   0.0000000000000000               16           6
   0.0000000000000000               17           6
   0.0000000000000000               18           6
   0.0000000000000000               19           6
   0.0000000000000000               20           6
   0.0000000000000000               21           6
   0.0000000000000000               22           6
   0.0000000000000000               23           6
   0.0000000000000000               24           6
   0.0000000000000000               25           6
   0.0000000000000000               26           6
   0.0000000000000000               27           6
   0.0000000000000000               28           6
   0.0000000000000000               29           6
   0.0000000000000000               30           6
   0.0000000000000000               31           6
   0.0000000000000000               32           6
   0.0000000000000000               33           6
   0.0000000000000000               34           6
