# Name Type group ID	MW       Precursor   coll_fac        mole_diam       surf_tens accomod  mass_dens non-volatile  partitioning  smiles psat_torr  dHvap	Henry	Tref
PMD	1    5    	28.0    --           1.000D10        1.000D10        0.D0      1.0     2.33D-06	    0           --            -       0.        0.      0.      0.
PBC	2    4	        12.0    --           1.000D10        1.000D10        0.D0      1.0     2.25D-06     0           --            -       0.         0.     0.      0.
PNA	3    1	        23.0    --           1.000D10        1.000D10        0.D0      1.0     0.97D-06	    0           --            -       0.         0.     0.      0.   
PSO4	3    1        	98.0    SULF         77.3d0          5.5d0           80.D-03   1.0    1.84D-06      1           --            -       0.         0.     0.      0.
PNH4	3    1         	17.0	NH3          558.3d0         2.9d0           80.D-03   1.0    0.91D-06      0           --            -       0.         0.     0.      0.
PNO3	3    1	        63.0    HNO3         475.9d0         3.3d0           80.D-03   1.0    1.50D-06      0           --            -       0.         0.     0.      0.
PHCL	3    1	        36.5	HCL          344.7d0         3.339d0         80.D-03   1.0    1.15D-06      0           --            -       0.         0.     0.      0.
PBiMT	4    1	        136.0   BiMT         687.d0          8.39d0          30.D-03   1.0    1.30D-06      0           HPHI          -       0.         0.     0.      0.
PSOAlP	4    1	        392.0	SOAlP        687.d0          8.39d0          30.D-03   1.0    1.30D-06      1           HPHO          -       0.         0.     0.      0. 
PNAPINAOOH	4	2	232.41	NAPINAOOH	687d0	8.39d0	30.D-03	1.0	1.30D-06	0	BOTH	&3.00E+00&1.92E+00&1.92E+00&1.00E+00&0.00E+00&0.00E+00&0.00E+00&0.00E+00&0.00E+00&0.00E+00&0.00E+00&0.00E+00&0.00E+00&0.00E+00&0.00E+00&0.00E+00&0.00E+00&0.00E+00&0.00E+00&0.00E+00&0.00E+00&0.00E+00&0.00E+00&0.00E+00&0.00E+00&0.00E+00&0.00E+00&0.00E+00&0.00E+00&0.00E+00&8.29E-02&0.00E+00&0.00E+00&0.00E+00&0.00E+00&0.00E+00&0.00E+00&0.00E+00&0.00E+00&0.00E+00&9.17E-01&8.29E-02&0.00E+00&0.00E+00&1.00E+00&0.00E+00&0.00E+00&0.00E+00&0.00E+00&0.00E+00&0.00E+00&0.00E+00&0.00E+00&0.00E+00&0.00E+00&0.00E+00&0.00E+00&0.00E+00&0.00E+00&0.00E+00	4.60E-05	9.61E+01	0.0	0.0
PNBPINAOOH	4	3	231.25	NBPINAOOH	687d0	8.39d0	30.D-03	1.0	1.30D-06	0	BOTH	&2.00E+00&3.00E+00&2.00E+00&1.00E+00&0.00E+00&0.00E+00&0.00E+00&0.00E+00&0.00E+00&0.00E+00&0.00E+00&0.00E+00&0.00E+00&0.00E+00&0.00E+00&0.00E+00&0.00E+00&0.00E+00&0.00E+00&0.00E+00&0.00E+00&0.00E+00&0.00E+00&0.00E+00&0.00E+00&0.00E+00&0.00E+00&0.00E+00&0.00E+00&0.00E+00&0.00E+00&0.00E+00&0.00E+00&0.00E+00&0.00E+00&0.00E+00&0.00E+00&0.00E+00&0.00E+00&9.37E-01&0.00E+00&6.27E-02&6.27E-02&0.00E+00&9.37E-01&0.00E+00&0.00E+00&0.00E+00&0.00E+00&0.00E+00&0.00E+00&0.00E+00&0.00E+00&0.00E+00&0.00E+00&0.00E+00&0.00E+00&0.00E+00&0.00E+00&0.00E+00	2.74E-05	9.83E+01	0.0	0.0
PBPINAOOH	4	3	186.25	BPINAOOH	687d0	8.39d0	30.D-03	1.0	1.30D-06	0	BOTH	&0.00E+00&0.00E+00&0.00E+00&0.00E+00&0.00E+00&9.85E-01&0.00E+00&1.48E-02&0.00E+00&4.43E-02&2.95E-02&1.48E-02&2.00E+00&2.96E+00&1.97E+00&9.85E-01&0.00E+00&0.00E+00&0.00E+00&0.00E+00&0.00E+00&0.00E+00&0.00E+00&0.00E+00&0.00E+00&0.00E+00&1.00E+00&0.00E+00&0.00E+00&0.00E+00&0.00E+00&0.00E+00&0.00E+00&0.00E+00&0.00E+00&0.00E+00&0.00E+00&0.00E+00&0.00E+00&0.00E+00&0.00E+00&0.00E+00&1.48E-02&0.00E+00&9.85E-01&0.00E+00&0.00E+00&0.00E+00&0.00E+00&0.00E+00&0.00E+00&0.00E+00&0.00E+00&0.00E+00&0.00E+00&0.00E+00&0.00E+00&0.00E+00&0.00E+00&0.00E+00	3.51E-05	9.74E+01	0.0	0.0
PC98OOH	4	2	203.29	C98OOH	687d0	8.39d0	30.D-03	1.0	1.30D-06	0	BOTH	&3.30E-02&1.66E-01&1.65E-02&0.00E+00&0.00E+00&9.34E-01&0.00E+00&0.00E+00&0.00E+00&0.00E+00&0.00E+00&0.00E+00&1.75E+00&5.69E-02&9.34E-01&0.00E+00&0.00E+00&0.00E+00&0.00E+00&0.00E+00&0.00E+00&0.00E+00&0.00E+00&0.00E+00&0.00E+00&0.00E+00&9.34E-01&0.00E+00&0.00E+00&1.09E+00&8.93E-01&8.28E-02&0.00E+00&0.00E+00&0.00E+00&0.00E+00&0.00E+00&0.00E+00&0.00E+00&0.00E+00&0.00E+00&0.00E+00&0.00E+00&5.69E-02&9.43E-01&0.00E+00&0.00E+00&0.00E+00&0.00E+00&0.00E+00&0.00E+00&0.00E+00&0.00E+00&0.00E+00&0.00E+00&0.00E+00&0.00E+00&0.00E+00&0.00E+00&0.00E+00	8.62E-07	1.14E+02	0.0	0.0
PC106OOH	4	2	216.23	C106OOH	687d0	8.39d0	30.D-03	1.0	1.30D-06	0	BOTH	&2.00E+00&1.00E+00&1.00E+00&0.00E+00&0.00E+00&0.00E+00&0.00E+00&0.00E+00&0.00E+00&0.00E+00&0.00E+00&0.00E+00&0.00E+00&0.00E+00&0.00E+00&0.00E+00&0.00E+00&0.00E+00&0.00E+00&0.00E+00&0.00E+00&0.00E+00&0.00E+00&0.00E+00&0.00E+00&0.00E+00&0.00E+00&0.00E+00&0.00E+00&1.00E+00&1.00E+00&1.00E+00&0.00E+00&0.00E+00&0.00E+00&0.00E+00&0.00E+00&0.00E+00&0.00E+00&0.00E+00&0.00E+00&0.00E+00&0.00E+00&0.00E+00&1.00E+00&0.00E+00&0.00E+00&0.00E+00&0.00E+00&0.00E+00&0.00E+00&0.00E+00&0.00E+00&0.00E+00&0.00E+00&0.00E+00&0.00E+00&0.00E+00&0.00E+00&0.00E+00	5.38E-06	1.05E+02	0.0	0.0
PC920PAN	4	2	261.23	C920PAN	687d0	8.39d0	30.D-03	1.0	1.30D-06	0	BOTH	&0.00E+00&0.00E+00&0.00E+00&0.00E+00&0.00E+00&0.00E+00&0.00E+00&0.00E+00&0.00E+00&0.00E+00&0.00E+00&0.00E+00&2.00E+00&2.00E+00&2.00E+00&1.00E+00&0.00E+00&0.00E+00&0.00E+00&0.00E+00&0.00E+00&0.00E+00&0.00E+00&0.00E+00&0.00E+00&0.00E+00&1.00E+00&0.00E+00&0.00E+00&0.00E+00&1.00E+00&0.00E+00&0.00E+00&0.00E+00&0.00E+00&0.00E+00&0.00E+00&0.00E+00&0.00E+00&0.00E+00&0.00E+00&0.00E+00&0.00E+00&0.00E+00&0.00E+00&0.00E+00&0.00E+00&0.00E+00&0.00E+00&0.00E+00&0.00E+00&0.00E+00&0.00E+00&0.00E+00&1.00E+00&0.00E+00&0.00E+00&0.00E+00&0.00E+00&0.00E+00	1.95E-05	9.93E+01	0.0	0.0
PC97OOH	4	2	188.26	C97OOH	687d0	8.39d0	30.D-03	1.0	1.30D-06	0	BOTH	&0.00E+00&5.21E-03&2.61E-03&0.00E+00&0.00E+00&9.31E-01&6.59E-02&0.00E+00&6.59E-02&0.00E+00&0.00E+00&0.00E+00&1.86E+00&1.13E+00&9.97E-01&9.31E-01&0.00E+00&0.00E+00&0.00E+00&0.00E+00&0.00E+00&0.00E+00&0.00E+00&0.00E+00&0.00E+00&0.00E+00&9.97E-01&0.00E+00&0.00E+00&1.00E+00&0.00E+00&2.61E-03&0.00E+00&0.00E+00&0.00E+00&0.00E+00&0.00E+00&0.00E+00&0.00E+00&0.00E+00&0.00E+00&0.00E+00&0.00E+00&2.61E-03&9.97E-01&0.00E+00&0.00E+00&0.00E+00&0.00E+00&0.00E+00&0.00E+00&0.00E+00&0.00E+00&0.00E+00&0.00E+00&0.00E+00&0.00E+00&0.00E+00&0.00E+00&0.00E+00	1.74E-05	1.01E+02	0.0	0.0
PC719OOH	4	5	178.24	C719OOH	687d0	8.39d0	30.D-03	1.0	1.30D-06	0	BOTH	&3.36E-01&1.68E-01&1.68E-01&0.00E+00&0.00E+00&1.48E-01&1.37E+00&0.00E+00&6.84E-01&6.84E-01&0.00E+00&0.00E+00&1.48E-01&1.87E-01&3.89E-02&0.00E+00&0.00E+00&0.00E+00&0.00E+00&0.00E+00&0.00E+00&0.00E+00&0.00E+00&0.00E+00&0.00E+00&0.00E+00&1.52E+00&0.00E+00&0.00E+00&1.09E-01&7.93E-01&2.46E-01&0.00E+00&0.00E+00&0.00E+00&0.00E+00&0.00E+00&1.68E-01&0.00E+00&0.00E+00&0.00E+00&0.00E+00&0.00E+00&0.00E+00&1.00E+00&0.00E+00&0.00E+00&0.00E+00&0.00E+00&0.00E+00&0.00E+00&0.00E+00&0.00E+00&0.00E+00&0.00E+00&0.00E+00&0.00E+00&0.00E+00&0.00E+00&0.00E+00	5.43E-07	1.18E+02	0.0	0.0
PNC102OOH	4	2	262.18	NC102OOH	687d0	8.39d0	30.D-03	1.0	1.30D-06	0	BOTH	&2.05E+00&1.42E+00&1.00E+00&0.00E+00&0.00E+00&0.00E+00&0.00E+00&0.00E+00&0.00E+00&0.00E+00&0.00E+00&0.00E+00&0.00E+00&0.00E+00&0.00E+00&0.00E+00&0.00E+00&0.00E+00&0.00E+00&0.00E+00&0.00E+00&0.00E+00&0.00E+00&0.00E+00&0.00E+00&0.00E+00&0.00E+00&0.00E+00&0.00E+00&4.74E-01&1.05E+00&4.74E-01&0.00E+00&0.00E+00&0.00E+00&0.00E+00&0.00E+00&0.00E+00&0.00E+00&4.74E-01&0.00E+00&5.26E-01&0.00E+00&0.00E+00&1.00E+00&0.00E+00&0.00E+00&0.00E+00&0.00E+00&0.00E+00&0.00E+00&0.00E+00&0.00E+00&0.00E+00&0.00E+00&0.00E+00&0.00E+00&0.00E+00&0.00E+00&0.00E+00	1.61E-07	1.21E+02	0.0	0.0
PLIMALOOH	4	4	218.25	LIMALOOH	687d0	8.39d0	30.D-03	1.0	1.30D-06	0	BOTH	&0.00E+00&0.00E+00&0.00E+00&0.00E+00&0.00E+00&1.00E+00&0.00E+00&0.00E+00&0.00E+00&0.00E+00&0.00E+00&0.00E+00&1.00E+00&3.00E+00&1.00E+00&0.00E+00&0.00E+00&0.00E+00&0.00E+00&0.00E+00&0.00E+00&0.00E+00&0.00E+00&0.00E+00&0.00E+00&0.00E+00&1.00E+00&0.00E+00&0.00E+00&1.00E+00&0.00E+00&1.00E+00&0.00E+00&0.00E+00&0.00E+00&0.00E+00&0.00E+00&0.00E+00&0.00E+00&0.00E+00&0.00E+00&0.00E+00&0.00E+00&0.00E+00&1.00E+00&0.00E+00&0.00E+00&0.00E+00&0.00E+00&0.00E+00&0.00E+00&0.00E+00&0.00E+00&0.00E+00&0.00E+00&0.00E+00&0.00E+00&0.00E+00&0.00E+00&0.00E+00	1.14E-07	1.24E+02	0.0	0.0
PLIMALNO3	4	4	247.25	LIMALNO3	687d0	8.39d0	30.D-03	1.0	1.30D-06	0	BOTH	&0.00E+00&0.00E+00&0.00E+00&0.00E+00&0.00E+00&1.00E+00&0.00E+00&0.00E+00&0.00E+00&0.00E+00&0.00E+00&0.00E+00&1.00E+00&3.00E+00&1.00E+00&0.00E+00&0.00E+00&0.00E+00&0.00E+00&0.00E+00&0.00E+00&0.00E+00&0.00E+00&0.00E+00&0.00E+00&0.00E+00&1.00E+00&0.00E+00&0.00E+00&1.00E+00&0.00E+00&1.00E+00&0.00E+00&0.00E+00&0.00E+00&0.00E+00&0.00E+00&0.00E+00&0.00E+00&0.00E+00&0.00E+00&1.00E+00&0.00E+00&0.00E+00&0.00E+00&0.00E+00&0.00E+00&0.00E+00&0.00E+00&0.00E+00&0.00E+00&0.00E+00&0.00E+00&0.00E+00&0.00E+00&0.00E+00&0.00E+00&0.00E+00&0.00E+00&0.00E+00	1.13E-06	1.13E+02	0.0	0.0
PNORLIMOOH	4	4	197.77	NORLIMOOH	687d0	8.39d0	30.D-03	1.0	1.30D-06	0	BOTH	&0.00E+00&0.00E+00&0.00E+00&0.00E+00&0.00E+00&1.25E+00&0.00E+00&0.00E+00&0.00E+00&0.00E+00&0.00E+00&0.00E+00&8.65E-01&1.48E+00&8.65E-01&0.00E+00&0.00E+00&0.00E+00&0.00E+00&0.00E+00&0.00E+00&0.00E+00&0.00E+00&0.00E+00&0.00E+00&0.00E+00&1.25E+00&0.00E+00&0.00E+00&8.88E-01&1.35E-01&8.65E-01&0.00E+00&0.00E+00&0.00E+00&0.00E+00&0.00E+00&0.00E+00&0.00E+00&0.00E+00&0.00E+00&0.00E+00&0.00E+00&0.00E+00&1.00E+00&0.00E+00&0.00E+00&0.00E+00&0.00E+00&0.00E+00&0.00E+00&0.00E+00&0.00E+00&0.00E+00&0.00E+00&0.00E+00&0.00E+00&0.00E+00&0.00E+00&0.00E+00	1.94E-07	1.21E+02	0.0	0.0
PPINIC	4	5	189.29	PINIC	687d0	8.39d0	30.D-03	1.0	1.30D-06	0	BOTH	&1.55E+00&1.55E+00&1.55E+00&7.75E-01&0.00E+00&1.73E-03&0.00E+00&0.00E+00&0.00E+00&0.00E+00&0.00E+00&0.00E+00&4.47E-01&4.50E-01&4.49E-01&2.23E-01&0.00E+00&0.00E+00&0.00E+00&0.00E+00&0.00E+00&0.00E+00&0.00E+00&0.00E+00&0.00E+00&0.00E+00&2.25E-01&0.00E+00&0.00E+00&1.73E-03&2.23E-01&0.00E+00&0.00E+00&0.00E+00&0.00E+00&0.00E+00&0.00E+00&1.77E+00&0.00E+00&0.00E+00&0.00E+00&0.00E+00&0.00E+00&0.00E+00&0.00E+00&0.00E+00&0.00E+00&0.00E+00&0.00E+00&0.00E+00&0.00E+00&0.00E+00&0.00E+00&0.00E+00&0.00E+00&0.00E+00&0.00E+00&0.00E+00&0.00E+00&0.00E+00	3.62E-06	1.08E+02	0.0	0.0
PC812OOH	4	5	194.75	C812OOH	687d0	8.39d0	30.D-03	1.0	1.30D-06	0	BOTH	&0.00E+00&0.00E+00&0.00E+00&0.00E+00&0.00E+00&1.00E+00&0.00E+00&0.00E+00&0.00E+00&0.00E+00&0.00E+00&0.00E+00&2.00E+00&1.00E+00&1.00E+00&1.00E+00&0.00E+00&0.00E+00&0.00E+00&0.00E+00&0.00E+00&0.00E+00&0.00E+00&0.00E+00&0.00E+00&0.00E+00&1.32E+00&0.00E+00&0.00E+00&0.00E+00&3.25E-01&0.00E+00&0.00E+00&0.00E+00&0.00E+00&0.00E+00&0.00E+00&6.75E-01&0.00E+00&0.00E+00&0.00E+00&0.00E+00&0.00E+00&0.00E+00&1.00E+00&0.00E+00&0.00E+00&0.00E+00&0.00E+00&0.00E+00&0.00E+00&0.00E+00&0.00E+00&0.00E+00&0.00E+00&0.00E+00&0.00E+00&0.00E+00&0.00E+00&0.00E+00	2.46E-08	1.32E+02	0.0	0.0
PC98NO3	4	2	233.22	C98NO3	687d0	8.39d0	30.D-03	1.0	1.30D-06	0	BOTH	&0.00E+00&0.00E+00&0.00E+00&0.00E+00&0.00E+00&1.00E+00&0.00E+00&0.00E+00&0.00E+00&0.00E+00&0.00E+00&0.00E+00&2.00E+00&0.00E+00&1.00E+00&0.00E+00&0.00E+00&0.00E+00&0.00E+00&0.00E+00&0.00E+00&0.00E+00&0.00E+00&0.00E+00&0.00E+00&0.00E+00&1.00E+00&0.00E+00&0.00E+00&1.00E+00&1.00E+00&0.00E+00&0.00E+00&0.00E+00&0.00E+00&0.00E+00&0.00E+00&0.00E+00&0.00E+00&0.00E+00&0.00E+00&1.00E+00&0.00E+00&0.00E+00&0.00E+00&0.00E+00&0.00E+00&0.00E+00&0.00E+00&0.00E+00&0.00E+00&0.00E+00&0.00E+00&0.00E+00&0.00E+00&0.00E+00&0.00E+00&0.00E+00&0.00E+00&0.00E+00	6.06E-06	1.05E+02	0.0	0.0
PH3C25C6PAN	4	5	235.15	H3C25C6PAN	687d0	8.39d0	30.D-03	1.0	1.30D-06	0	BOTH	&0.00E+00&0.00E+00&0.00E+00&0.00E+00&0.00E+00&0.00E+00&1.00E+00&0.00E+00&0.00E+00&1.00E+00&0.00E+00&0.00E+00&0.00E+00&0.00E+00&0.00E+00&0.00E+00&0.00E+00&0.00E+00&0.00E+00&0.00E+00&0.00E+00&0.00E+00&0.00E+00&0.00E+00&0.00E+00&0.00E+00&1.00E+00&0.00E+00&0.00E+00&1.00E+00&1.00E+00&0.00E+00&0.00E+00&0.00E+00&0.00E+00&0.00E+00&0.00E+00&0.00E+00&0.00E+00&0.00E+00&0.00E+00&0.00E+00&0.00E+00&0.00E+00&0.00E+00&0.00E+00&0.00E+00&0.00E+00&0.00E+00&0.00E+00&0.00E+00&0.00E+00&0.00E+00&0.00E+00&1.00E+00&0.00E+00&0.00E+00&0.00E+00&0.00E+00&0.00E+00	1.73E-05	1.01E+02	0.0	0.0
PC621OOH	4	2	178.15	C621OOH	687d0	8.39d0	30.D-03	1.0	1.30D-06	0	BOTH	&0.00E+00&0.00E+00&0.00E+00&0.00E+00&0.00E+00&1.34E+00&0.00E+00&0.00E+00&0.00E+00&0.00E+00&0.00E+00&0.00E+00&3.36E-01&3.36E-01&3.36E-01&0.00E+00&0.00E+00&0.00E+00&0.00E+00&0.00E+00&0.00E+00&0.00E+00&0.00E+00&0.00E+00&0.00E+00&0.00E+00&2.00E+00&0.00E+00&0.00E+00&0.00E+00&1.33E+00&3.36E-01&0.00E+00&0.00E+00&0.00E+00&0.00E+00&0.00E+00&0.00E+00&0.00E+00&0.00E+00&0.00E+00&0.00E+00&0.00E+00&6.64E-01&3.36E-01&0.00E+00&0.00E+00&0.00E+00&0.00E+00&0.00E+00&0.00E+00&0.00E+00&0.00E+00&0.00E+00&0.00E+00&0.00E+00&0.00E+00&0.00E+00&0.00E+00&0.00E+00	1.19E-08	1.35E+02	0.0	0.0
PC813OOH	4	5	206.19	C813OOH	687d0	8.39d0	30.D-03	1.0	1.30D-06	0	BOTH	&0.00E+00&0.00E+00&0.00E+00&0.00E+00&0.00E+00&1.00E+00&0.00E+00&0.00E+00&0.00E+00&0.00E+00&0.00E+00&0.00E+00&2.00E+00&0.00E+00&1.00E+00&0.00E+00&0.00E+00&0.00E+00&0.00E+00&0.00E+00&0.00E+00&0.00E+00&0.00E+00&0.00E+00&0.00E+00&0.00E+00&1.00E+00&0.00E+00&0.00E+00&0.00E+00&1.00E+00&0.00E+00&0.00E+00&0.00E+00&0.00E+00&0.00E+00&0.00E+00&1.00E+00&0.00E+00&0.00E+00&0.00E+00&0.00E+00&0.00E+00&0.00E+00&1.00E+00&0.00E+00&0.00E+00&0.00E+00&0.00E+00&0.00E+00&0.00E+00&0.00E+00&0.00E+00&0.00E+00&0.00E+00&0.00E+00&0.00E+00&0.00E+00&0.00E+00&0.00E+00	6.66E-10	1.48E+02	0.0	0.0
PC813NO3	4	5	235.19	C813NO3	687d0	8.39d0	30.D-03	1.0	1.30D-06	0	BOTH	&0.00E+00&0.00E+00&0.00E+00&0.00E+00&0.00E+00&1.00E+00&0.00E+00&0.00E+00&0.00E+00&0.00E+00&0.00E+00&0.00E+00&2.00E+00&0.00E+00&1.00E+00&0.00E+00&0.00E+00&0.00E+00&0.00E+00&0.00E+00&0.00E+00&0.00E+00&0.00E+00&0.00E+00&0.00E+00&0.00E+00&1.00E+00&0.00E+00&0.00E+00&0.00E+00&1.00E+00&0.00E+00&0.00E+00&0.00E+00&0.00E+00&0.00E+00&0.00E+00&1.00E+00&0.00E+00&0.00E+00&0.00E+00&1.00E+00&0.00E+00&0.00E+00&0.00E+00&0.00E+00&0.00E+00&0.00E+00&0.00E+00&0.00E+00&0.00E+00&0.00E+00&0.00E+00&0.00E+00&0.00E+00&0.00E+00&0.00E+00&0.00E+00&0.00E+00&0.00E+00	1.25E-08	1.35E+02	0.0	0.0
PC516OOH	4	5	164.11	C516OOH	687d0	8.39d0	30.D-03	1.0	1.30D-06	0	BOTH	&0.00E+00&0.00E+00&0.00E+00&0.00E+00&0.00E+00&1.00E+00&0.00E+00&0.00E+00&0.00E+00&0.00E+00&0.00E+00&0.00E+00&0.00E+00&0.00E+00&0.00E+00&0.00E+00&0.00E+00&0.00E+00&0.00E+00&0.00E+00&0.00E+00&0.00E+00&0.00E+00&0.00E+00&0.00E+00&0.00E+00&1.00E+00&0.00E+00&0.00E+00&0.00E+00&1.00E+00&0.00E+00&0.00E+00&0.00E+00&0.00E+00&0.00E+00&0.00E+00&1.00E+00&0.00E+00&0.00E+00&0.00E+00&0.00E+00&0.00E+00&1.00E+00&0.00E+00&0.00E+00&0.00E+00&0.00E+00&0.00E+00&0.00E+00&0.00E+00&0.00E+00&0.00E+00&0.00E+00&0.00E+00&0.00E+00&0.00E+00&0.00E+00&0.00E+00&0.00E+00	5.41E-09	1.39E+02	0.0	0.0
PC10H14O9	4	7	269.80	C10H14O9	687d0	8.39d0	30.D-03	1.0	1.30D-06	0	BOTH	&3.49E-01&1.41E+00&1.74E+00&0.00E+00&0.00E+00&0.00E+00&1.03E+00&0.00E+00&0.00E+00&0.00E+00&0.00E+00&0.00E+00&0.00E+00&0.00E+00&0.00E+00&0.00E+00&0.00E+00&0.00E+00&0.00E+00&0.00E+00&0.00E+00&0.00E+00&0.00E+00&0.00E+00&0.00E+00&0.00E+00&1.03E+00&0.00E+00&0.00E+00&0.00E+00&1.27E+00&3.56E-02&0.00E+00&0.00E+00&0.00E+00&0.00E+00&0.00E+00&0.00E+00&0.00E+00&0.00E+00&0.00E+00&0.00E+00&0.00E+00&1.88E+00&0.00E+00&0.00E+00&0.00E+00&0.00E+00&0.00E+00&0.00E+00&0.00E+00&3.33E-01&0.00E+00&0.00E+00&0.00E+00&5.48E-01&0.00E+00&0.00E+00&0.00E+00&0.00E+00	2.59E-09	7.59E+01	0.0	0.0
PC10H14O11	4	7	314.84	C10H14O11	687d0	8.39d0	30.D-03	1.0	1.30D-06	0	BOTH	&0.00E+00&3.84E-01&2.00E+00&2.55E-01&0.00E+00&0.00E+00&6.38E-01&0.00E+00&0.00E+00&0.00E+00&0.00E+00&0.00E+00&0.00E+00&0.00E+00&0.00E+00&0.00E+00&0.00E+00&0.00E+00&0.00E+00&0.00E+00&0.00E+00&0.00E+00&0.00E+00&0.00E+00&0.00E+00&0.00E+00&6.38E-01&0.00E+00&0.00E+00&0.00E+00&1.36E+00&0.00E+00&0.00E+00&0.00E+00&0.00E+00&0.00E+00&0.00E+00&0.00E+00&0.00E+00&0.00E+00&0.00E+00&0.00E+00&0.00E+00&2.75E+00&0.00E+00&0.00E+00&0.00E+00&0.00E+00&0.00E+00&0.00E+00&0.00E+00&0.00E+00&0.00E+00&0.00E+00&0.00E+00&1.25E+00&0.00E+00&0.00E+00&0.00E+00&0.00E+00	1.37E-12	8.13E+01	0.0	0.0
PC20H30O13	4	7	478.00	C20H30O13	687d0	8.39d0	30.D-03	1.0	1.30D-06	0	BOTH	&1.00E+00&4.00E+00&4.00E+00&0.00E+00&0.00E+00&0.00E+00&1.00E+00&0.00E+00&0.00E+00&0.00E+00&0.00E+00&0.00E+00&0.00E+00&0.00E+00&0.00E+00&0.00E+00&0.00E+00&0.00E+00&0.00E+00&0.00E+00&0.00E+00&0.00E+00&0.00E+00&0.00E+00&0.00E+00&0.00E+00&1.00E+00&0.00E+00&0.00E+00&0.00E+00&2.00E+00&1.00E+00&0.00E+00&0.00E+00&0.00E+00&0.00E+00&0.00E+00&0.00E+00&0.00E+00&0.00E+00&0.00E+00&0.00E+00&0.00E+00&2.00E+00&0.00E+00&0.00E+00&0.00E+00&0.00E+00&0.00E+00&0.00E+00&0.00E+00&1.00E+00&0.00E+00&0.00E+00&0.00E+00&1.00E+00&0.00E+00&0.00E+00&0.00E+00&0.00E+00	1.50E-17	1.05E+02	0.0	0.0
PH2O	9    0	        18.0 	--           1.000D10        1.000D10        0.d0      1.0    1.00D-06      0           BOTH          -       0.         0.     0.      0.
