 1.0
294.0 5.80e-20 
295.0 5.57e-20 
296.0 5.37e-20 
297.0 5.16e-20 
298.0 5.02e-20 
299.0 5.02e-20 
300.0 5.04e-20 
301.0 5.09e-20 
302.0 5.07e-20 
303.0 4.94e-20 
304.0 4.69e-20 
305.0 4.32e-20 
306.0 4.04e-20 
307.0 3.81e-20 
308.0 3.65e-20 
309.0 3.62e-20 
310.0 3.60e-20 
311.0 3.53e-20 
312.0 3.50e-20 
313.0 3.32e-20 
314.0 3.06e-20 
315.0 2.77e-20 
316.0 2.43e-20 
317.0 2.18e-20 
318.0 2.00e-20 
319.0 1.86e-20 
320.0 1.83e-20 
321.0 1.78e-20 
322.0 1.66e-20 
323.0 1.58e-20 
324.0 1.49e-20 
325.0 1.30e-20 
326.0 1.13e-20 
327.0 9.96e-21 
328.0 8.28e-21 
329.0 6.85e-21 
330.0 5.75e-21 
331.0 4.94e-21 
332.0 4.66e-21 
333.0 4.30e-21 
334.0 3.73e-21 
335.0 3.25e-21 
336.0 2.80e-21 
337.0 2.30e-21 
338.0 1.85e-21 
339.0 1.66e-21 
340.0 1.55e-21 
341.0 1.19e-21 
342.0 7.60e-22 
343.0 4.50e-22


