27        185.0     320.0
1700.      0.95         0.0
2900.      0.95         0.0
2950.      0.95         0.0
3000.      0.95         0.0
3045.      0.95         0.0
3050.      0.96        -5.659
3060.      0.96       -16.56
3070.      1.00       -47.61
3080.      1.09      -114.2
3090.      1.32      -230.1
3100.      1.80      -392.1
3110.      2.78      -586.9
3120.      4.63      -793.3
3130.      7.80      -981.7
3140.     12.6      -1139.0
3150.     16.7      -1225.0
3160.     19.4      -1300.0
3170.     17.1      -1295.0
3180.     20.7      -1365.0
3190.     17.2      -1282.0
3200.     16.3      -1534.0
3210.      7.59     -1395.0
3220.     10.9      -1728.0
3230.     13.6      -1701.0
3240.     10.2      -1657.0
3250.     11.2      -2065.0
3260.      0.0          0.0
