  41  53  28  34  40  46  22  21  20  19  16  15  14  13  10   9   8   7   3   2   1  35  66  59  71
  76  65  52  58  45  27  39  38  33  32  25  26  31  37  70  64   0   0   0   0   0   0   0   0   0
  83  80  75  69  63  57  50  49  51  44  43   0   0   0   0   0   0   0   0   0   0   0   0   0   0
  68  79  61  62  74   0   0   0   0   0   0   0   0   0   0   0   0   0   0   0   0   0   0   0   0
  84  85  81  82  77  78  72  67  73   0   0   0   0   0   0   0   0   0   0   0   0   0   0   0   0
  86   0   0   0   0   0   0   0   0   0   0   0   0   0   0   0   0   0   0   0   0   0   0   0   0
  87   0   0   0   0   0   0   0   0   0   0   0   0   0   0   0   0   0   0   0   0   0   0   0   0
  88  55  56   0   0   0   0   0   0   0   0   0   0   0   0   0   0   0   0   0   0   0   0   0   0
  94  95  96  97  98  99 100 101   0   0   0   0   0   0   0   0   0   0   0   0   0   0   0   0   0
  91  92  93 102 103 104   0   0   0   0   0   0   0   0   0   0   0   0   0   0   0   0   0   0   0
  89  90 105 106   0   0   0   0   0   0   0   0   0   0   0   0   0   0   0   0   0   0   0   0   0
 107 108 109 110   0   0   0   0   0   0   0   0   0   0   0   0   0   0   0   0   0   0   0   0   0
 111 112 113 114 115 116 117 118 119   0   0   0   0   0   0   0   0   0   0   0   0   0   0   0   0
 120 121 122 123 124   0   0   0   0   0   0   0   0   0   0   0   0   0   0   0   0   0   0   0   0
 125 126 127 128 129 130   0   0   0   0   0   0   0   0   0   0   0   0   0   0   0   0   0   0   0
 131 132 133 134   0   0   0   0   0   0   0   0   0   0   0   0   0   0   0   0   0   0   0   0   0
 135 136 137 138 139   0   0   0   0   0   0   0   0   0   0   0   0   0   0   0   0   0   0   0   0
 140 141 142 143 144 145   0   0   0   0   0   0   0   0   0   0   0   0   0   0   0   0   0   0   0

-----------
UCI standard model contains 77 bins including 15 S-R bands.
Each S-R band contains several sub-bins and totally 83 sub-bins are in 
  S-R bands.
The detail information of how to group UCI standard model into Fast-J2 
  18 bins is explained in the following table.
       
         
Bin     1   2   3   4   5   6    S-R     Wavelength
                                           (nm)
        group to Fast-J2 bin   
1       1   1   1   0   0   0   (14,0)  177.49-178.30   
2       1   1   1   1   0   0   (13,0)  178.30-179.26
3       1   1   1   1   0   0   (12,0)  179.26-180.38
4       1   1   1   1   0   0   (11,0)  180.38-181.65
5       2   2   2   1   0   0   (10,0)  181.65-183.08
6       2   2   2   1   1   0   ( 9,0)  183.08-184.65
7       2   2   2   1   1   0   ( 8,0)  184.65-186.37
8       3   3   2   1   0   0   ( 7,0)  186.37-188.24
9       3   3   3   2   1   0   ( 6,0)  188.24-190.25
10      8   8   3   2   1   0   ( 5,0)  190.25-192.42
11      4   4   3   2   2   1   ( 4,0)  192.42-194.73
12      5   5   4   3   2       ( 3,0)  194.73-197.20
13      5   5   4   3   2       ( 2,0)  197.20-198.50
14      5   5   4   3           ( 1,0)  198.50-200.00
15      5   5   3               ( 0,0)  200.00-202.50 
16      5                               202.50-204.00
17      5                               204.00-206.50
18      6                               206.50-209.50
19      7                               209.50-212.50
20      8                               212.50-215.50
21     11                               215.50-218.50
22     11                               218.50-221.50
23     10                               221.50-225.00
24     10                               225.00-229.00
25     10                               229.00-233.00
26      9                               233.00-237.50
27      9                               237.50-242.50
28      9                               242.50-248.00
29      9                               248.00-254.00
30      9                               254.00-260.00
31      9                               260.00-265.50
32      9                               265.50-270.50
33      9                               270.50-275.50
34     10                               275.50-280.00
35     10                               280.00-283.50
36     10                               283.50-286.50
37     11                               286.50-289.00
38     11                               289.00-291.00

39     12                               291.00-293.00
40     12                               293.00-295.00
41     12                               295.00-296.00
42     12                               296.00-298.30
43     13                               298.30-299.60
44     13                               299.6 -300.5
45     13                               300.5 -301.5
46     13                               301.5 -302.5
47     13                               302.5 -303.5
48     13                               303.5 -304.5
49     13                               304.5 -305.5
50     13                               305.5 -306.5
51     13                               306.6 -307.5
52     14                               307.5 -308.5
53     14                               308.5 -309.5
54     14                               309.5 -310.5
55     14                               310.5 -311.5
56     14                               311.5 -312.5 
57     15                               312.5 -313.5
58     15                               313.5 -314.5
59     15                               314.5 -315.7
60     15                               315.7 -317.2
61     15                               317.2 -318.7
62     15                               318.7 -320.3
63     16                               320.3 -322.5
64     16                               322.5 -327.0
65     16                               327.0 -335.0
66     16                               335.0 -345.0
67     17                               345.0 -355.0
68     17                               355.0 -365.0
69     17                               365.0 -375.0
70     17                               375.0 -390.1
71     17                               390.1 -412.5
72     18                               412.5 -437.6
73     18                               437.6 -485.1
74     18                               485.1 -560.1
75     18                               560.1 -635.1
76     18                               635.1 -760.2
77     18                               760.2 -850.0
