    4463.0      SOLAR FLUX: LOWTRAN7  (1FEB92) REV 4.2  cm-1; W/cm2/micrometer
 11730 9.838E-02
 11740 1.003E-01
 11750 1.136E-01
 11760 1.126E-01
 11770 1.118E-01
 11780 1.115E-01
 11790 1.129E-01
 11800 9.661E-02
 11810 9.801E-02
 11820 9.900E-02
 11830 9.900E-02
 11840 9.869E-02
 11850 9.849E-02
 11860 9.849E-02
 11870 8.835E-02
 11880 8.893E-02
 11890 8.922E-02
 11900 8.941E-02
 11910 8.939E-02
 11920 8.928E-02
 11930 8.947E-02
 11940 8.986E-02
 11950 1.048E-01
 11960 1.050E-01
 11970 1.048E-01
 11980 1.044E-01
 11990 1.037E-01
 12000 1.032E-01
 12010 1.037E-01
 12020 1.046E-01
 12030 1.057E-01
 12040 1.066E-01
 12050 1.069E-01
 12060 1.069E-01
 12070 1.070E-01
 12080 1.071E-01
 12090 1.110E-01
 12100 1.111E-01
 12110 1.111E-01
 12120 1.110E-01
 12130 1.109E-01
 12140 1.108E-01
 12150 1.109E-01
 12160 9.830E-02
 12170 9.839E-02
 12180 9.839E-02
 12190 9.778E-02
 12200 9.727E-02
 12210 9.746E-02
 12220 9.805E-02
 12230 9.935E-02
 12240 1.157E-01
 12250 1.162E-01
 12260 1.164E-01
 12270 1.165E-01
 12280 1.165E-01
 12290 1.168E-01
 12300 1.171E-01
 12310 1.035E-01
 12320 1.035E-01
 12330 1.030E-01
 12340 1.024E-01
 12350 1.019E-01
 12360 1.016E-01
 12370 1.021E-01
 12380 1.028E-01
 12390 1.076E-01
 12400 1.080E-01
 12410 1.078E-01
 12420 1.076E-01
 12430 1.078E-01
 12440 1.081E-01
 12450 1.087E-01
 12460 1.093E-01
 12470 1.256E-01
 12480 1.259E-01
 12490 1.258E-01
 12500 1.255E-01
 12510 1.255E-01
 12520 1.256E-01
 12530 1.262E-01
 12540 1.136E-01
 12550 1.136E-01
 12560 1.134E-01
 12570 1.128E-01
 12580 1.123E-01
 12590 1.123E-01
 12600 1.126E-01
 12610 1.130E-01
 12620 1.137E-01
 12630 1.141E-01
 12640 1.146E-01
 12650 1.151E-01
 12660 1.157E-01
 12670 1.161E-01
 12680 1.164E-01
 12690 1.165E-01
 12700 1.198E-01
 12710 1.199E-01
 12720 1.200E-01
 12730 1.200E-01
 12740 1.200E-01
 12750 1.199E-01
 12760 1.198E-01
 12770 1.198E-01
 12780 1.076E-01
 12790 1.079E-01
 12800 1.082E-01
 12810 1.083E-01
 12820 1.084E-01
 12830 1.083E-01
 12840 1.084E-01
 12850 1.087E-01
 12860 1.090E-01
 12870 1.225E-01
 12880 1.224E-01
 12890 1.222E-01
 12900 1.220E-01
 12910 1.224E-01
 12920 1.229E-01
 12930 1.234E-01
 12940 1.238E-01
 12950 1.264E-01
 12960 1.263E-01
 12970 1.262E-01
 12980 1.261E-01
 12990 1.261E-01
 13000 1.259E-01
 13010 1.253E-01
 13020 1.247E-01
 13030 1.121E-01
 13040 1.123E-01
 13050 1.135E-01
 13060 1.150E-01
 13070 1.163E-01
 13080 1.173E-01
 13090 1.176E-01
 13100 1.175E-01
 13110 1.174E-01
 13120 1.195E-01
 13130 1.194E-01
 13140 1.193E-01
 13150 1.193E-01
 13160 1.194E-01
 13170 1.195E-01
 13180 1.197E-01
 13190 1.199E-01
 13200 1.201E-01
 13210 1.377E-01
 13220 1.379E-01
 13230 1.382E-01
 13240 1.384E-01
 13250 1.386E-01
 13260 1.387E-01
 13270 1.388E-01
 13280 1.389E-01
 13290 1.253E-01
 13300 1.254E-01
 13310 1.255E-01
 13320 1.256E-01
 13330 1.257E-01
 13340 1.260E-01
 13350 1.263E-01
 13360 1.267E-01
 13370 1.271E-01
 13380 1.278E-01
 13390 1.279E-01
 13400 1.278E-01
 13410 1.277E-01
 13420 1.277E-01
 13430 1.279E-01
 13440 1.281E-01
 13450 1.282E-01
 13460 1.281E-01
 13470 1.304E-01
 13480 1.296E-01
 13490 1.290E-01
 13500 1.286E-01
 13510 1.289E-01
 13520 1.295E-01
 13530 1.303E-01
 13540 1.313E-01
 13550 1.321E-01
 13560 1.212E-01
 13570 1.216E-01
 13580 1.219E-01
 13590 1.219E-01
 13600 1.219E-01
 13610 1.220E-01
 13620 1.221E-01
 13630 1.224E-01
 13640 1.226E-01
 13650 1.229E-01
 13660 1.389E-01
 13670 1.391E-01
 13680 1.392E-01
 13690 1.391E-01
 13700 1.389E-01
 13710 1.388E-01
 13720 1.386E-01
 13730 1.387E-01
 13740 1.389E-01
 13750 1.276E-01
 13760 1.282E-01
 13770 1.288E-01
 13780 1.293E-01
 13790 1.298E-01
 13800 1.301E-01
 13810 1.302E-01
 13820 1.300E-01
 13830 1.297E-01
 13840 1.293E-01
 13850 1.454E-01
 13860 1.449E-01
 13870 1.446E-01
 13880 1.443E-01
 13890 1.441E-01
 13900 1.442E-01
 13910 1.445E-01
 13920 1.450E-01
 13930 1.457E-01
 13940 1.332E-01
 13950 1.338E-01
 13960 1.343E-01
 13970 1.346E-01
 13980 1.349E-01
 13990 1.351E-01
 14000 1.352E-01
 14010 1.354E-01
 14020 1.356E-01
 14030 1.359E-01
 14040 1.386E-01
 14050 1.389E-01
 14060 1.392E-01
 14070 1.393E-01
 14080 1.393E-01
 14090 1.392E-01
 14100 1.392E-01
 14110 1.394E-01
 14120 1.396E-01
 14130 1.401E-01
 14140 1.421E-01
 14150 1.427E-01
 14160 1.432E-01
 14170 1.436E-01
 14180 1.437E-01
 14190 1.435E-01
 14200 1.430E-01
 14210 1.422E-01
 14220 1.415E-01
 14230 1.409E-01
 14240 1.472E-01
 14250 1.471E-01
 14260 1.474E-01
 14270 1.482E-01
 14280 1.491E-01
 14290 1.501E-01
 14300 1.510E-01
 14310 1.514E-01
 14320 1.514E-01
 14330 1.511E-01
 14340 1.383E-01
 14350 1.383E-01
 14360 1.385E-01
 14370 1.389E-01
 14380 1.395E-01
 14390 1.401E-01
 14400 1.406E-01
 14410 1.410E-01
 14420 1.412E-01
 14430 1.413E-01
 14440 1.413E-01
 14450 1.516E-01
 14460 1.515E-01
 14470 1.516E-01
 14480 1.518E-01
 14490 1.521E-01
 14500 1.524E-01
 14510 1.527E-01
 14520 1.531E-01
 14530 1.534E-01
 14540 1.535E-01
 14550 1.445E-01
 14560 1.443E-01
 14570 1.440E-01
 14580 1.436E-01
 14590 1.434E-01
 14600 1.434E-01
 14610 1.438E-01
 14620 1.443E-01
 14630 1.449E-01
 14640 1.456E-01
 14650 1.461E-01
 14660 1.496E-01
 14670 1.498E-01
 14680 1.500E-01
 14690 1.502E-01
 14700 1.503E-01
 14710 1.504E-01
 14720 1.506E-01
 14730 1.508E-01
 14740 1.510E-01
 14750 1.513E-01
 14760 1.515E-01
 14770 1.685E-01
 14780 1.686E-01
 14790 1.686E-01
 14800 1.687E-01
 14810 1.689E-01
 14820 1.691E-01
 14830 1.694E-01
 14840 1.697E-01
 14850 1.698E-01
 14860 1.699E-01
 14870 1.425E-01
 14880 1.423E-01
 14890 1.422E-01
 14900 1.422E-01
 14910 1.427E-01
 14920 1.434E-01
 14930 1.440E-01
 14940 1.447E-01
 14950 1.449E-01
 14960 1.449E-01
 14970 1.446E-01
 14980 1.443E-01
 14990 1.587E-01
 15000 1.588E-01
 15010 1.593E-01
 15020 1.600E-01
 15030 1.605E-01
 15040 1.611E-01
 15050 1.611E-01
 15060 1.611E-01
 15070 1.609E-01
 15080 1.607E-01
 15090 1.607E-01
 15100 1.619E-01
 15110 1.623E-01
 15120 1.628E-01
 15130 1.635E-01
 15140 1.640E-01
 15150 1.641E-01
 15160 1.636E-01
 15170 1.617E-01
 15180 1.588E-01
 15190 1.546E-01
 15200 1.505E-01
 15210 1.372E-01
 15220 1.354E-01
 15230 1.362E-01
 15240 1.386E-01
 15250 1.423E-01
 15260 1.463E-01
 15270 1.497E-01
 15280 1.524E-01
 15290 1.541E-01
 15300 1.551E-01
 15310 1.558E-01
 15320 1.562E-01
 15330 1.556E-01
 15340 1.558E-01
 15350 1.558E-01
 15360 1.554E-01
 15370 1.545E-01
 15380 1.534E-01
 15390 1.522E-01
 15400 1.513E-01
 15410 1.510E-01
 15420 1.512E-01
 15430 1.521E-01
 15440 1.532E-01
 15450 1.580E-01
 15460 1.591E-01
 15470 1.599E-01
 15480 1.605E-01
 15490 1.609E-01
 15500 1.611E-01
 15510 1.612E-01
 15520 1.612E-01
 15530 1.611E-01
 15540 1.609E-01
 15550 1.606E-01
 15560 1.603E-01
 15570 1.642E-01
 15580 1.640E-01
 15590 1.640E-01
 15600 1.642E-01
 15610 1.647E-01
 15620 1.655E-01
 15630 1.663E-01
 15640 1.671E-01
 15650 1.677E-01
 15660 1.681E-01
 15670 1.683E-01
 15680 1.683E-01
 15690 1.564E-01
 15700 1.563E-01
 15710 1.563E-01
 15720 1.563E-01
 15730 1.563E-01
 15740 1.563E-01
 15750 1.564E-01
 15760 1.564E-01
 15770 1.564E-01
 15780 1.563E-01
 15790 1.561E-01
 15800 1.558E-01
 15810 1.553E-01
 15820 1.710E-01
 15830 1.708E-01
 15840 1.707E-01
 15850 1.711E-01
 15860 1.718E-01
 15870 1.728E-01
 15880 1.739E-01
 15890 1.750E-01
 15900 1.759E-01
 15910 1.763E-01
 15920 1.766E-01
 15930 1.768E-01
 15940 1.660E-01
 15950 1.660E-01
 15960 1.655E-01
 15970 1.633E-01
 15980 1.610E-01
 15990 1.602E-01
 16000 1.600E-01
 16010 1.607E-01
 16020 1.618E-01
 16030 1.624E-01
 16040 1.632E-01
 16050 1.649E-01
 16060 1.664E-01
 16070 1.713E-01
 16080 1.709E-01
 16090 1.711E-01
 16100 1.717E-01
 16110 1.729E-01
 16120 1.738E-01
 16130 1.732E-01
 16140 1.722E-01
 16150 1.722E-01
 16160 1.726E-01
 16170 1.734E-01
 16180 1.736E-01
 16190 1.716E-01
 16200 1.695E-01
 16210 1.661E-01
 16220 1.640E-01
 16230 1.662E-01
 16240 1.695E-01
 16250 1.722E-01
 16260 1.739E-01
 16270 1.733E-01
 16280 1.720E-01
 16290 1.709E-01
 16300 1.701E-01
 16310 1.703E-01
 16320 1.710E-01
 16330 1.642E-01
 16340 1.659E-01
 16350 1.665E-01
 16360 1.664E-01
 16370 1.651E-01
 16380 1.640E-01
 16390 1.648E-01
 16400 1.661E-01
 16410 1.670E-01
 16420 1.676E-01
 16430 1.676E-01
 16440 1.676E-01
 16450 1.681E-01
 16460 1.686E-01
 16470 1.839E-01
 16480 1.840E-01
 16490 1.841E-01
 16500 1.841E-01
 16510 1.843E-01
 16520 1.845E-01
 16530 1.850E-01
 16540 1.856E-01
 16550 1.866E-01
 16560 1.870E-01
 16570 1.859E-01
 16580 1.842E-01
 16590 1.821E-01
 16600 1.697E-01
 16610 1.703E-01
 16620 1.714E-01
 16630 1.718E-01
 16640 1.721E-01
 16650 1.723E-01
 16660 1.726E-01
 16670 1.735E-01
 16680 1.743E-01
 16690 1.741E-01
 16700 1.736E-01
 16710 1.734E-01
 16720 1.736E-01
 16730 1.746E-01
 16740 1.805E-01
 16750 1.816E-01
 16760 1.823E-01
 16770 1.821E-01
 16780 1.815E-01
 16790 1.807E-01
 16800 1.799E-01
 16810 1.795E-01
 16820 1.795E-01
 16830 1.800E-01
 16840 1.808E-01
 16850 1.818E-01
 16860 1.826E-01
 16870 1.827E-01
 16880 1.732E-01
 16890 1.724E-01
 16900 1.718E-01
 16910 1.732E-01
 16920 1.743E-01
 16930 1.730E-01
 16940 1.698E-01
 16950 1.631E-01
 16960 1.572E-01
 16970 1.570E-01
 16980 1.598E-01
 16990 1.654E-01
 17000 1.713E-01
 17010 1.749E-01
 17020 1.771E-01
 17030 1.924E-01
 17040 1.918E-01
 17050 1.902E-01
 17060 1.883E-01
 17070 1.870E-01
 17080 1.866E-01
 17090 1.886E-01
 17100 1.910E-01
 17110 1.927E-01
 17120 1.938E-01
 17130 1.938E-01
 17140 1.935E-01
 17150 1.939E-01
 17160 1.944E-01
 17170 1.845E-01
 17180 1.843E-01
 17190 1.836E-01
 17200 1.827E-01
 17210 1.821E-01
 17220 1.816E-01
 17230 1.815E-01
 17240 1.813E-01
 17250 1.806E-01
 17260 1.794E-01
 17270 1.777E-01
 17280 1.765E-01
 17290 1.773E-01
 17300 1.790E-01
 17310 1.812E-01
 17320 1.857E-01
 17330 1.859E-01
 17340 1.854E-01
 17350 1.844E-01
 17360 1.835E-01
 17370 1.833E-01
 17380 1.836E-01
 17390 1.847E-01
 17400 1.859E-01
 17410 1.867E-01
 17420 1.873E-01
 17430 1.877E-01
 17440 1.880E-01
 17450 1.887E-01
 17460 1.891E-01
 17470 1.781E-01
 17480 1.767E-01
 17490 1.741E-01
 17500 1.712E-01
 17510 1.686E-01
 17520 1.670E-01
 17530 1.680E-01
 17540 1.701E-01
 17550 1.727E-01
 17560 1.746E-01
 17570 1.737E-01
 17580 1.723E-01
 17590 1.721E-01
 17600 1.728E-01
 17610 1.752E-01
 17620 1.773E-01
 17630 1.918E-01
 17640 1.904E-01
 17650 1.881E-01
 17660 1.858E-01
 17670 1.846E-01
 17680 1.843E-01
 17690 1.853E-01
 17700 1.869E-01
 17710 1.886E-01
 17720 1.900E-01
 17730 1.904E-01
 17740 1.905E-01
 17750 1.904E-01
 17760 1.901E-01
 17770 1.896E-01
 17780 1.790E-01
 17790 1.781E-01
 17800 1.773E-01
 17810 1.771E-01
 17820 1.773E-01
 17830 1.779E-01
 17840 1.782E-01
 17850 1.778E-01
 17860 1.769E-01
 17870 1.755E-01
 17880 1.741E-01
 17890 1.731E-01
 17900 1.730E-01
 17910 1.742E-01
 17920 1.759E-01
 17930 1.773E-01
 17940 1.815E-01
 17950 1.809E-01
 17960 1.801E-01
 17970 1.805E-01
 17980 1.817E-01
 17990 1.840E-01
 18000 1.863E-01
 18010 1.874E-01
 18020 1.878E-01
 18030 1.876E-01
 18040 1.870E-01
 18050 1.866E-01
 18060 1.860E-01
 18070 1.849E-01
 18080 1.838E-01
 18090 1.828E-01
 18100 1.758E-01
 18110 1.763E-01
 18120 1.770E-01
 18130 1.775E-01
 18140 1.778E-01
 18150 1.775E-01
 18160 1.773E-01
 18170 1.778E-01
 18180 1.786E-01
 18190 1.795E-01
 18200 1.801E-01
 18210 1.796E-01
 18220 1.787E-01
 18230 1.773E-01
 18240 1.759E-01
 18250 1.749E-01
 18260 1.744E-01
 18270 1.806E-01
 18280 1.816E-01
 18290 1.831E-01
 18300 1.846E-01
 18310 1.858E-01
 18320 1.865E-01
 18330 1.865E-01
 18340 1.861E-01
 18350 1.855E-01
 18360 1.848E-01
 18370 1.848E-01
 18380 1.849E-01
 18390 1.847E-01
 18400 1.840E-01
 18410 1.822E-01
 18420 1.806E-01
 18430 1.801E-01
 18440 1.838E-01
 18450 1.856E-01
 18460 1.871E-01
 18470 1.862E-01
 18480 1.841E-01
 18490 1.808E-01
 18500 1.779E-01
 18510 1.775E-01
 18520 1.787E-01
 18530 1.812E-01
 18540 1.843E-01
 18550 1.868E-01
 18560 1.888E-01
 18570 1.899E-01
 18580 1.903E-01
 18590 1.897E-01
 18600 1.887E-01
 18610 1.888E-01
 18620 1.877E-01
 18630 1.880E-01
 18640 1.896E-01
 18650 1.933E-01
 18660 1.970E-01
 18670 1.985E-01
 18680 1.982E-01
 18690 1.945E-01
 18700 1.906E-01
 18710 1.893E-01
 18720 1.893E-01
 18730 1.914E-01
 18740 1.928E-01
 18750 1.902E-01
 18760 1.864E-01
 18770 1.824E-01
 18780 1.771E-01
 18790 1.802E-01
 18800 1.854E-01
 18810 1.908E-01
 18820 1.952E-01
 18830 1.961E-01
 18840 1.954E-01
 18850 1.939E-01
 18860 1.922E-01
 18870 1.912E-01
 18880 1.904E-01
 18890 1.898E-01
 18900 1.892E-01
 18910 1.887E-01
 18920 1.881E-01
 18930 1.874E-01
 18940 1.860E-01
 18950 1.831E-01
 18960 1.797E-01
 18970 1.741E-01
 18980 1.695E-01
 18990 1.683E-01
 19000 1.702E-01
 19010 1.767E-01
 19020 1.844E-01
 19030 1.905E-01
 19040 1.949E-01
 19050 1.960E-01
 19060 1.954E-01
 19070 1.942E-01
 19080 1.925E-01
 19090 1.907E-01
 19100 1.886E-01
 19110 1.860E-01
 19120 1.836E-01
 19130 1.822E-01
 19140 1.804E-01
 19150 1.823E-01
 19160 1.847E-01
 19170 1.864E-01
 19180 1.870E-01
 19190 1.853E-01
 19200 1.831E-01
 19210 1.816E-01
 19220 1.807E-01
 19230 1.810E-01
 19240 1.809E-01
 19250 1.785E-01
 19260 1.748E-01
 19270 1.697E-01
 19280 1.653E-01
 19290 1.641E-01
 19300 1.645E-01
 19310 1.667E-01
 19320 1.687E-01
 19330 1.665E-01
 19340 1.651E-01
 19350 1.637E-01
 19360 1.638E-01
 19370 1.680E-01
 19380 1.738E-01
 19390 1.801E-01
 19400 1.852E-01
 19410 1.867E-01
 19420 1.864E-01
 19430 1.849E-01
 19440 1.831E-01
 19450 1.824E-01
 19460 1.821E-01
 19470 1.818E-01
 19480 1.817E-01
 19490 1.813E-01
 19500 1.814E-01
 19510 1.829E-01
 19520 1.922E-01
 19530 1.959E-01
 19540 1.994E-01
 19550 2.015E-01
 19560 2.023E-01
 19570 2.012E-01
 19580 1.994E-01
 19590 1.976E-01
 19600 1.959E-01
 19610 1.950E-01
 19620 1.946E-01
 19630 1.945E-01
 19640 1.946E-01
 19650 1.947E-01
 19660 1.947E-01
 19670 1.944E-01
 19680 1.940E-01
 19690 1.936E-01
 19700 1.935E-01
 19710 1.876E-01
 19720 1.885E-01
 19730 1.901E-01
 19740 1.919E-01
 19750 1.939E-01
 19760 1.954E-01
 19770 1.960E-01
 19780 1.955E-01
 19790 1.930E-01
 19800 1.898E-01
 19810 1.866E-01
 19820 1.842E-01
 19830 1.842E-01
 19840 1.854E-01
 19850 1.874E-01
 19860 1.892E-01
 19870 1.898E-01
 19880 1.894E-01
 19890 1.879E-01
 19900 1.858E-01
 19910 1.889E-01
 19920 1.866E-01
 19930 1.846E-01
 19940 1.833E-01
 19950 1.829E-01
 19960 1.834E-01
 19970 1.852E-01
 19980 1.878E-01
 19990 1.914E-01
 20000 1.948E-01
 20010 1.971E-01
 20020 1.979E-01
 20030 1.960E-01
 20040 1.933E-01
 20050 1.907E-01
 20060 1.894E-01
 20070 1.912E-01
 20080 1.944E-01
 20090 1.988E-01
 20100 2.029E-01
 20110 2.092E-01
 20120 2.102E-01
 20130 2.094E-01
 20140 2.073E-01
 20150 2.043E-01
 20160 2.013E-01
 20170 1.994E-01
 20180 1.990E-01
 20190 2.015E-01
 20200 2.049E-01
 20210 2.083E-01
 20220 2.103E-01
 20230 2.088E-01
 20240 2.055E-01
 20250 2.009E-01
 20260 1.965E-01
 20270 1.943E-01
 20280 1.933E-01
 20290 1.939E-01
 20300 1.948E-01
 20310 1.881E-01
 20320 1.882E-01
 20330 1.880E-01
 20340 1.883E-01
 20350 1.899E-01
 20360 1.922E-01
 20370 1.952E-01
 20380 1.978E-01
 20390 1.991E-01
 20400 1.994E-01
 20410 1.983E-01
 20420 1.966E-01
 20430 1.949E-01
 20440 1.933E-01
 20450 1.921E-01
 20460 1.911E-01
 20470 1.904E-01
 20480 1.896E-01
 20490 1.883E-01
 20500 1.862E-01
 20510 1.824E-01
 20520 1.827E-01
 20530 1.767E-01
 20540 1.715E-01
 20550 1.685E-01
 20560 1.680E-01
 20570 1.712E-01
 20580 1.762E-01
 20590 1.821E-01
 20600 1.880E-01
 20610 1.925E-01
 20620 1.961E-01
 20630 1.988E-01
 20640 2.008E-01
 20650 2.026E-01
 20660 2.040E-01
 20670 2.050E-01
 20680 2.057E-01
 20690 2.057E-01
 20700 2.057E-01
 20710 2.057E-01
 20720 2.061E-01
 20730 2.029E-01
 20740 2.045E-01
 20750 2.063E-01
 20760 2.077E-01
 20770 2.079E-01
 20780 2.074E-01
 20790 2.059E-01
 20800 2.044E-01
 20810 2.038E-01
 20820 2.038E-01
 20830 2.049E-01
 20840 2.061E-01
 20850 2.066E-01
 20860 2.063E-01
 20870 2.048E-01
 20880 2.029E-01
 20890 2.016E-01
 20900 2.011E-01
 20910 2.023E-01
 20920 2.041E-01
 20930 2.057E-01
 20940 2.065E-01
 20950 2.097E-01
 20960 2.074E-01
 20970 2.043E-01
 20980 2.015E-01
 20990 2.001E-01
 21000 1.999E-01
 21010 2.013E-01
 21020 2.033E-01
 21030 2.054E-01
 21040 2.073E-01
 21050 2.087E-01
 21060 2.093E-01
 21070 2.092E-01
 21080 2.084E-01
 21090 2.070E-01
 21100 2.054E-01
 21110 2.042E-01
 21120 2.035E-01
 21130 2.038E-01
 21140 2.047E-01
 21150 2.061E-01
 21160 2.075E-01
 21170 2.049E-01
 21180 2.055E-01
 21190 2.052E-01
 21200 2.039E-01
 21210 2.013E-01
 21220 1.981E-01
 21230 1.943E-01
 21240 1.910E-01
 21250 1.893E-01
 21260 1.891E-01
 21270 1.909E-01
 21280 1.937E-01
 21290 1.966E-01
 21300 1.991E-01
 21310 2.001E-01
 21320 2.004E-01
 21330 2.002E-01
 21340 2.000E-01
 21350 2.004E-01
 21360 2.010E-01
 21370 2.018E-01
 21380 2.022E-01
 21390 2.013E-01
 21400 2.030E-01
 21410 2.005E-01
 21420 1.981E-01
 21430 1.969E-01
 21440 1.969E-01
 21450 1.991E-01
 21460 2.020E-01
 21470 2.049E-01
 21480 2.071E-01
 21490 2.074E-01
 21500 2.066E-01
 21510 2.048E-01
 21520 2.029E-01
 21530 2.019E-01
 21540 2.017E-01
 21550 2.028E-01
 21560 2.045E-01
 21570 2.066E-01
 21580 2.089E-01
 21590 2.108E-01
 21600 2.125E-01
 21610 2.135E-01
 21620 2.139E-01
 21630 2.184E-01
 21640 2.176E-01
 21650 2.164E-01
 21660 2.151E-01
 21670 2.141E-01
 21680 2.134E-01
 21690 2.130E-01
 21700 2.128E-01
 21710 2.126E-01
 21720 2.125E-01
 21730 2.122E-01
 21740 2.116E-01
 21750 2.108E-01
 21760 2.098E-01
 21770 2.083E-01
 21780 2.069E-01
 21790 2.058E-01
 21800 2.054E-01
 21810 2.063E-01
 21820 2.080E-01
 21830 2.109E-01
 21840 2.139E-01
 21850 2.166E-01
 21860 2.105E-01
 21870 2.112E-01
 21880 2.110E-01
 21890 2.102E-01
 21900 2.090E-01
 21910 2.080E-01
 21920 2.069E-01
 21930 2.061E-01
 21940 2.053E-01
 21950 2.043E-01
 21960 2.032E-01
 21970 2.019E-01
 21980 2.007E-01
 21990 1.996E-01
 22000 1.988E-01
 22010 1.984E-01
 22020 1.982E-01
 22030 1.982E-01
 22040 1.980E-01
 22050 1.974E-01
 22060 1.965E-01
 22070 1.953E-01
 22080 1.945E-01
 22090 1.944E-01
 22100 1.953E-01
 22110 1.976E-01
 22120 2.008E-01
 22130 2.046E-01
 22140 2.084E-01
 22150 2.116E-01
 22160 2.140E-01
 22170 2.154E-01
 22180 2.159E-01
 22190 2.155E-01
 22200 2.144E-01
 22210 2.127E-01
 22220 2.104E-01
 22230 2.079E-01
 22240 2.052E-01
 22250 2.026E-01
 22260 2.003E-01
 22270 1.985E-01
 22280 1.975E-01
 22290 1.977E-01
 22300 1.989E-01
 22310 2.012E-01
 22320 2.039E-01
 22330 2.062E-01
 22340 2.076E-01
 22350 2.103E-01
 22360 2.084E-01
 22370 2.048E-01
 22380 2.004E-01
 22390 1.960E-01
 22400 1.917E-01
 22410 1.885E-01
 22420 1.861E-01
 22430 1.851E-01
 22440 1.854E-01
 22450 1.872E-01
 22460 1.899E-01
 22470 1.934E-01
 22480 1.968E-01
 22490 1.994E-01
 22500 2.008E-01
 22510 2.005E-01
 22520 1.993E-01
 22530 1.975E-01
 22540 1.959E-01
 22550 1.953E-01
 22560 1.954E-01
 22570 1.966E-01
 22580 1.984E-01
 22590 2.002E-01
 22600 2.001E-01
 22610 2.011E-01
 22620 2.012E-01
 22630 2.003E-01
 22640 1.982E-01
 22650 1.946E-01
 22660 1.901E-01
 22670 1.848E-01
 22680 1.798E-01
 22690 1.762E-01
 22700 1.743E-01
 22710 1.752E-01
 22720 1.775E-01
 22730 1.808E-01
 22740 1.833E-01
 22750 1.835E-01
 22760 1.816E-01
 22770 1.768E-01
 22780 1.709E-01
 22790 1.652E-01
 22800 1.609E-01
 22810 1.599E-01
 22820 1.615E-01
 22830 1.658E-01
 22840 1.716E-01
 22850 1.779E-01
 22860 1.828E-01
 22870 1.877E-01
 22880 1.914E-01
 22890 1.935E-01
 22900 1.942E-01
 22910 1.931E-01
 22920 1.906E-01
 22930 1.870E-01
 22940 1.826E-01
 22950 1.783E-01
 22960 1.742E-01
 22970 1.710E-01
 22980 1.687E-01
 22990 1.675E-01
 23000 1.671E-01
 23010 1.676E-01
 23020 1.687E-01
 23030 1.703E-01
 23040 1.719E-01
 23050 1.732E-01
 23060 1.738E-01
 23070 1.731E-01
 23080 1.716E-01
 23090 1.694E-01
 23100 1.672E-01
 23110 1.660E-01
 23120 1.659E-01
 23130 1.717E-01
 23140 1.741E-01
 23150 1.764E-01
 23160 1.770E-01
 23170 1.741E-01
 23180 1.680E-01
 23190 1.577E-01
 23200 1.459E-01
 23210 1.342E-01
 23220 1.247E-01
 23230 1.202E-01
 23240 1.199E-01
 23250 1.246E-01
 23260 1.321E-01
 23270 1.408E-01
 23280 1.493E-01
 23290 1.557E-01
 23300 1.603E-01
 23310 1.628E-01
 23320 1.638E-01
 23330 1.638E-01
 23340 1.631E-01
 23350 1.622E-01
 23360 1.614E-01
 23370 1.609E-01
 23380 1.609E-01
 23390 1.618E-01
 23400 1.627E-01
 23410 1.651E-01
 23420 1.677E-01
 23430 1.703E-01
 23440 1.725E-01
 23450 1.739E-01
 23460 1.746E-01
 23470 1.745E-01
 23480 1.742E-01
 23490 1.739E-01
 23500 1.739E-01
 23510 1.746E-01
 23520 1.756E-01
 23530 1.771E-01
 23540 1.787E-01
 23550 1.800E-01
 23560 1.810E-01
 23570 1.814E-01
 23580 1.810E-01
 23590 1.800E-01
 23600 1.783E-01
 23610 1.758E-01
 23620 1.728E-01
 23630 1.694E-01
 23640 1.663E-01
 23650 1.639E-01
 23660 1.627E-01
 23670 1.684E-01
 23680 1.706E-01
 23690 1.745E-01
 23700 1.789E-01
 23710 1.833E-01
 23720 1.871E-01
 23730 1.894E-01
 23740 1.905E-01
 23750 1.902E-01
 23760 1.890E-01
 23770 1.873E-01
 23780 1.854E-01
 23790 1.838E-01
 23800 1.823E-01
 23810 1.812E-01
 23820 1.804E-01
 23830 1.798E-01
 23840 1.794E-01
 23850 1.792E-01
 23860 1.791E-01
 23870 1.789E-01
 23880 1.786E-01
 23890 1.779E-01
 23900 1.771E-01
 23910 1.760E-01
 23920 1.750E-01
 23930 1.745E-01
 23940 1.746E-01
 23950 1.759E-01
 23960 1.722E-01
 23970 1.755E-01
 23980 1.792E-01
 23990 1.827E-01
 24000 1.855E-01
 24010 1.869E-01
 24020 1.871E-01
 24030 1.857E-01
 24040 1.835E-01
 24050 1.809E-01
 24060 1.785E-01
 24070 1.767E-01
 24080 1.755E-01
 24090 1.751E-01
 24100 1.753E-01
 24110 1.759E-01
 24120 1.766E-01
 24130 1.772E-01
 24140 1.778E-01
 24150 1.782E-01
 24160 1.785E-01
 24170 1.787E-01
 24180 1.788E-01
 24190 1.790E-01
 24200 1.791E-01
 24210 1.794E-01
 24220 1.799E-01
 24230 1.808E-01
 24240 1.821E-01
 24250 1.920E-01
 24260 1.938E-01
 24270 1.953E-01
 24280 1.961E-01
 24290 1.954E-01
 24300 1.932E-01
 24310 1.888E-01
 24320 1.833E-01
 24330 1.769E-01
 24340 1.707E-01
 24350 1.658E-01
 24360 1.626E-01
 24370 1.620E-01
 24380 1.634E-01
 24390 1.668E-01
 24400 1.714E-01
 24410 1.766E-01
 24420 1.818E-01
 24430 1.866E-01
 24440 1.905E-01
 24450 1.934E-01
 24460 1.950E-01
 24470 1.949E-01
 24480 1.932E-01
 24490 1.898E-01
 24500 1.851E-01
 24510 1.797E-01
 24520 1.744E-01
 24530 1.699E-01
 24540 1.552E-01
 24550 1.538E-01
 24560 1.538E-01
 24570 1.552E-01
 24580 1.573E-01
 24590 1.598E-01
 24600 1.623E-01
 24610 1.643E-01
 24620 1.660E-01
 24630 1.670E-01
 24640 1.676E-01
 24650 1.676E-01
 24660 1.672E-01
 24670 1.663E-01
 24680 1.652E-01
 24690 1.639E-01
 24700 1.625E-01
 24710 1.614E-01
 24720 1.606E-01
 24730 1.602E-01
 24740 1.603E-01
 24750 1.609E-01
 24760 1.620E-01
 24770 1.635E-01
 24780 1.653E-01
 24790 1.676E-01
 24800 1.700E-01
 24810 1.726E-01
 24820 1.751E-01
 24830 1.775E-01
 24840 1.795E-01
 24850 1.861E-01
 24860 1.872E-01
 24870 1.877E-01
 24880 1.876E-01
 24890 1.870E-01
 24900 1.857E-01
 24910 1.840E-01
 24920 1.817E-01
 24930 1.791E-01
 24940 1.764E-01
 24950 1.739E-01
 24960 1.717E-01
 24970 1.703E-01
 24980 1.694E-01
 24990 1.692E-01
 25000 1.694E-01
 25010 1.698E-01
 25020 1.702E-01
 25030 1.705E-01
 25040 1.705E-01
 25050 1.700E-01
 25060 1.689E-01
 25070 1.670E-01
 25080 1.642E-01
 25090 1.604E-01
 25100 1.556E-01
 25110 1.497E-01
 25120 1.427E-01
 25130 1.348E-01
 25140 1.259E-01
 25150 1.162E-01
 25160 1.023E-01
 25170 9.188E-02
 25180 8.210E-02
 25190 7.381E-02
 25200 6.802E-02
 25210 6.596E-02
 25220 6.780E-02
 25230 7.467E-02
 25240 8.487E-02
 25250 9.771E-02
 25260 1.113E-01
 25270 1.239E-01
 25280 1.344E-01
 25290 1.408E-01
 25300 1.436E-01
 25310 1.424E-01
 25320 1.378E-01
 25330 1.304E-01
 25340 1.208E-01
 25350 1.096E-01
 25360 9.753E-02
 25370 8.532E-02
 25380 7.385E-02
 25390 6.398E-02
 25400 5.648E-02
 25410 5.246E-02
 25420 5.176E-02
 25430 5.496E-02
 25440 6.099E-02
 25450 6.926E-02
 25460 7.887E-02
 25470 8.893E-02
 25480 9.338E-02
 25490 1.025E-01
 25500 1.108E-01
 25510 1.181E-01
 25520 1.245E-01
 25530 1.299E-01
 25540 1.344E-01
 25550 1.379E-01
 25560 1.405E-01
 25570 1.423E-01
 25580 1.432E-01
 25590 1.433E-01
 25600 1.426E-01
 25610 1.413E-01
 25620 1.393E-01
 25630 1.367E-01
 25640 1.335E-01
 25650 1.297E-01
 25660 1.254E-01
 25670 1.206E-01
 25680 1.153E-01
 25690 1.098E-01
 25700 1.043E-01
 25710 9.908E-02
 25720 9.432E-02
 25730 9.043E-02
 25740 8.750E-02
 25750 8.583E-02
 25760 8.523E-02
 25770 8.565E-02
 25780 8.686E-02
 25790 8.868E-02
 25800 9.092E-02
 25810 9.662E-02
 25820 9.918E-02
 25830 1.016E-01
 25840 1.036E-01
 25850 1.052E-01
 25860 1.061E-01
 25870 1.060E-01
 25880 1.051E-01
 25890 1.033E-01
 25900 1.011E-01
 25910 9.876E-02
 25920 9.670E-02
 25930 9.537E-02
 25940 9.488E-02
 25950 9.568E-02
 25960 9.718E-02
 25970 9.917E-02
 25980 1.010E-01
 25990 1.022E-01
 26000 1.023E-01
 26010 1.005E-01
 26020 9.731E-02
 26030 9.256E-02
 26040 8.695E-02
 26050 8.099E-02
 26060 7.524E-02
 26070 7.033E-02
 26080 6.650E-02
 26090 6.423E-02
 26100 6.330E-02
 26110 6.370E-02
 26120 6.524E-02
 26130 6.775E-02
 26140 7.112E-02
 26150 7.785E-02
 26160 8.248E-02
 26170 8.756E-02
 26180 9.298E-02
 26190 9.862E-02
 26200 1.044E-01
 26210 1.102E-01
 26220 1.157E-01
 26230 1.209E-01
 26240 1.253E-01
 26250 1.288E-01
 26260 1.310E-01
 26270 1.316E-01
 26280 1.304E-01
 26290 1.272E-01
 26300 1.227E-01
 26310 1.173E-01
 26320 1.119E-01
 26330 1.072E-01
 26340 1.039E-01
 26350 1.029E-01
 26360 1.040E-01
 26370 1.075E-01
 26380 1.126E-01
 26390 1.187E-01
 26400 1.250E-01
 26410 1.307E-01
 26420 1.354E-01
 26430 1.384E-01
 26440 1.400E-01
 26450 1.401E-01
 26460 1.390E-01
 26470 1.369E-01
 26480 1.342E-01
 26490 1.309E-01
 26500 1.291E-01
 26510 1.256E-01
 26520 1.222E-01
 26530 1.192E-01
 26540 1.166E-01
 26550 1.149E-01
 26560 1.139E-01
 26570 1.140E-01
 26580 1.147E-01
 26590 1.158E-01
 26600 1.170E-01
 26610 1.178E-01
 26620 1.181E-01
 26630 1.173E-01
 26640 1.154E-01
 26650 1.124E-01
 26660 1.087E-01
 26670 1.045E-01
 26680 1.002E-01
 26690 9.600E-02
 26700 9.227E-02
 26710 8.934E-02
 26720 8.714E-02
 26730 8.577E-02
 26740 8.512E-02
 26750 8.513E-02
 26760 8.573E-02
 26770 8.685E-02
 26780 8.846E-02
 26790 9.051E-02
 26800 9.301E-02
 26810 9.595E-02
 26820 9.935E-02
 26830 1.032E-01
 26840 1.075E-01
 26850 1.064E-01
 26860 1.113E-01
 26870 1.161E-01
 26880 1.206E-01
 26890 1.243E-01
 26900 1.269E-01
 26910 1.280E-01
 26920 1.275E-01
 26930 1.251E-01
 26940 1.216E-01
 26950 1.173E-01
 26960 1.130E-01
 26970 1.093E-01
 26980 1.067E-01
 26990 1.061E-01
 27000 1.072E-01
 27010 1.103E-01
 27020 1.145E-01
 27030 1.193E-01
 27040 1.239E-01
 27050 1.275E-01
 27060 1.297E-01
 27070 1.298E-01
 27080 1.282E-01
 27090 1.250E-01
 27100 1.209E-01
 27110 1.164E-01
 27120 1.121E-01
 27130 1.088E-01
 27140 1.066E-01
 27150 1.061E-01
 27160 1.067E-01
 27170 1.084E-01
 27180 1.109E-01
 27190 1.136E-01
 27200 1.163E-01
 27210 1.185E-01
 27220 1.236E-01
 27230 1.247E-01
 27240 1.252E-01
 27250 1.255E-01
 27260 1.255E-01
 27270 1.256E-01
 27280 1.257E-01
 27290 1.262E-01
 27300 1.267E-01
 27310 1.275E-01
 27320 1.282E-01
 27330 1.286E-01
 27340 1.286E-01
 27350 1.281E-01
 27360 1.269E-01
 27370 1.248E-01
 27380 1.221E-01
 27390 1.189E-01
 27400 1.152E-01
 27410 1.114E-01
 27420 1.077E-01
 27430 1.041E-01
 27440 1.008E-01
 27450 9.815E-02
 27460 9.599E-02
 27470 9.451E-02
 27480 9.380E-02
 27490 9.392E-02
 27500 9.492E-02
 27510 9.696E-02
 27520 9.978E-02
 27530 1.033E-01
 27540 1.071E-01
 27550 1.109E-01
 27560 1.142E-01
 27570 1.166E-01
 27580 1.178E-01
 27590 1.147E-01
 27600 1.129E-01
 27610 1.097E-01
 27620 1.056E-01
 27630 1.011E-01
 27640 9.640E-02
 27650 9.216E-02
 27660 8.859E-02
 27670 8.617E-02
 27680 8.479E-02
 27690 8.457E-02
 27700 8.535E-02
 27710 8.703E-02
 27720 8.950E-02
 27730 9.270E-02
 27740 9.641E-02
 27750 1.006E-01
 27760 1.047E-01
 27770 1.086E-01
 27780 1.117E-01
 27790 1.137E-01
 27800 1.143E-01
 27810 1.129E-01
 27820 1.095E-01
 27830 1.040E-01
 27840 9.701E-02
 27850 8.912E-02
 27860 8.105E-02
 27870 7.353E-02
 27880 6.719E-02
 27890 6.290E-02
 27900 6.069E-02
 27910 6.109E-02
 27920 6.336E-02
 27930 6.716E-02
 27940 7.187E-02
 27950 7.693E-02
 27960 8.184E-02
 27970 8.591E-02
 27980 9.204E-02
 27990 9.399E-02
 28000 9.506E-02
 28010 9.541E-02
 28020 9.531E-02
 28030 9.504E-02
 28040 9.483E-02
 28050 9.497E-02
 28060 9.548E-02
 28070 9.651E-02
 28080 9.789E-02
 28090 9.956E-02
 28100 1.014E-01
 28110 1.033E-01
 28120 1.051E-01
 28130 1.068E-01
 28140 1.083E-01
 28150 1.095E-01
 28160 1.106E-01
 28170 1.115E-01
 28180 1.123E-01
 28190 1.131E-01
 28200 1.138E-01
 28210 1.145E-01
 28220 1.152E-01
 28230 1.158E-01
 28240 1.162E-01
 28250 1.164E-01
 28260 1.161E-01
 28270 1.154E-01
 28280 1.141E-01
 28290 1.120E-01
 28300 1.093E-01
 28310 1.061E-01
 28320 1.026E-01
 28330 9.894E-02
 28340 9.548E-02
 28350 9.241E-02
 28360 8.992E-02
 28370 8.439E-02
 28380 8.360E-02
 28390 8.373E-02
 28400 8.463E-02
 28410 8.620E-02
 28420 8.829E-02
 28430 9.080E-02
 28440 9.359E-02
 28450 9.654E-02
 28460 9.947E-02
 28470 1.024E-01
 28480 1.050E-01
 28490 1.072E-01
 28500 1.089E-01
 28510 1.102E-01
 28520 1.073E-01
 28530 1.129E-01
 28540 1.213E-01
 28550 1.208E-01
 28560 1.180E-01
 28570 1.166E-01
 28580 1.049E-01
 28590 8.652E-02
 28600 8.218E-02
 28610 9.052E-02
 28620 9.264E-02
 28630 8.667E-02
 28640 8.119E-02
 28650 7.907E-02
 28660 8.669E-02
 28670 1.013E-01
 28680 1.052E-01
 28690 9.583E-02
 28700 8.837E-02
 28710 8.989E-02
 28720 9.626E-02
 28730 1.011E-01
 28740 1.019E-01
 28750 9.537E-02
 28760 8.144E-02
 28770 7.402E-02
 28780 7.835E-02
 28790 8.840E-02
 28800 9.703E-02
 28810 1.065E-01
 28820 1.107E-01
 28830 1.087E-01
 28840 1.022E-01
 28850 9.712E-02
 28860 1.022E-01
 28870 1.038E-01
 28880 9.139E-02
 28890 7.978E-02
 28900 7.940E-02
 28910 8.532E-02
 28920 9.398E-02
 28930 1.039E-01
 28940 1.091E-01
 28950 1.030E-01
 28960 9.540E-02
 28970 1.009E-01
 28980 1.073E-01
 28990 1.025E-01
 29000 9.318E-02
 29010 8.421E-02
 29020 7.791E-02
 29030 7.154E-02
 29040 6.309E-02
 29050 5.583E-02
 29060 5.499E-02
 29070 6.809E-02
 29080 8.518E-02
 29090 9.413E-02
 29100 1.025E-01
 29110 1.070E-01
 29120 1.001E-01
 29130 9.716E-02
 29140 1.086E-01
 29150 1.197E-01
 29160 1.169E-01
 29170 1.047E-01
 29180 9.826E-02
 29190 9.865E-02
 29200 9.610E-02
 29210 9.235E-02
 29220 9.930E-02
 29230 1.109E-01
 29240 1.159E-01
 29250 1.110E-01
 29260 1.026E-01
 29270 9.537E-02
 29280 8.474E-02
 29290 7.764E-02
 29300 8.649E-02
 29310 9.999E-02
 29320 1.014E-01
 29330 9.588E-02
 29340 9.298E-02
 29350 9.435E-02
 29360 9.848E-02
 29370 1.013E-01
 29380 1.036E-01
 29390 1.085E-01
 29400 1.163E-01
 29410 1.204E-01
 29420 1.159E-01
 29430 1.103E-01
 29440 1.055E-01
 29450 9.877E-02
 29460 8.844E-02
 29470 7.943E-02
 29480 8.217E-02
 29490 9.511E-02
 29500 1.033E-01
 29510 9.906E-02
 29520 9.666E-02
 29530 1.024E-01
 29540 1.025E-01
 29550 9.625E-02
 29560 9.290E-02
 29570 8.807E-02
 29580 7.732E-02
 29590 7.572E-02
 29600 9.036E-02
 29610 1.057E-01
 29620 1.083E-01
 29630 9.999E-02
 29640 8.630E-02
 29650 7.522E-02
 29660 7.027E-02
 29670 6.944E-02
 29680 6.948E-02
 29690 7.334E-02
 29700 8.318E-02
 29710 9.601E-02
 29720 1.039E-01
 29730 9.958E-02
 29740 8.266E-02
 29750 6.149E-02
 29760 5.310E-02
 29770 6.478E-02
 29780 8.742E-02
 29790 1.062E-01
 29800 1.123E-01
 29810 1.092E-01
 29820 1.066E-01
 29830 1.078E-01
 29840 1.044E-01
 29850 9.119E-02
 29860 8.169E-02
 29870 8.962E-02
 29880 1.030E-01
 29890 1.087E-01
 29900 1.087E-01
 29910 1.043E-01
 29920 9.736E-02
 29930 9.476E-02
 29940 9.667E-02
 29950 9.696E-02
 29960 9.074E-02
 29970 8.057E-02
 29980 7.837E-02
 29990 8.762E-02
 30000 9.825E-02
 30010 1.026E-01
 30020 1.012E-01
 30030 9.550E-02
 30040 9.138E-02
 30050 9.489E-02
 30060 1.023E-01
 30070 1.061E-01
 30080 9.671E-02
 30090 8.555E-02
 30100 8.480E-02
 30110 9.308E-02
 30120 9.890E-02
 30130 1.015E-01
 30140 1.032E-01
 30150 1.015E-01
 30160 9.529E-02
 30170 8.885E-02
 30180 8.862E-02
 30190 9.399E-02
 30200 9.898E-02
 30210 1.012E-01
 30220 1.007E-01
 30230 9.518E-02
 30240 8.466E-02
 30250 8.050E-02
 30260 8.896E-02
 30270 9.757E-02
 30280 1.018E-01
 30290 1.123E-01
 30300 1.230E-01
 30310 1.208E-01
 30320 1.138E-01
 30330 1.128E-01
 30340 1.127E-01
 30350 1.126E-01
 30360 1.137E-01
 30370 1.109E-01
 30380 1.071E-01
 30390 1.070E-01
 30400 1.034E-01
 30410 9.095E-02
 30420 7.855E-02
 30430 7.750E-02
 30440 8.612E-02
 30450 9.293E-02
 30460 9.258E-02
 30470 9.075E-02
 30480 9.198E-02
 30490 9.197E-02
 30500 9.101E-02
 30510 9.235E-02
 30520 9.412E-02
 30530 9.752E-02
 30540 1.019E-01
 30550 1.014E-01
 30560 9.745E-02
 30570 9.323E-02
 30580 9.505E-02
 30590 1.017E-01
 30600 1.064E-01
 30610 1.063E-01
 30620 9.964E-02
 30630 9.127E-02
 30640 9.197E-02
 30650 9.934E-02
 30660 1.044E-01
 30670 1.074E-01
 30680 1.080E-01
 30690 1.047E-01
 30700 1.026E-01
 30710 1.030E-01
 30720 9.742E-02
 30730 8.747E-02
 30740 8.263E-02
 30750 8.060E-02
 30760 7.782E-02
 30770 7.550E-02
 30780 7.367E-02
 30790 7.608E-02
 30800 8.406E-02
 30810 8.847E-02
 30820 8.487E-02
 30830 8.116E-02
 30840 8.203E-02
 30850 8.380E-02
 30860 8.095E-02
 30870 7.573E-02
 30880 7.344E-02
 30890 6.998E-02
 30900 6.622E-02
 30910 6.550E-02
 30920 6.758E-02
 30930 7.337E-02
 30940 7.546E-02
 30950 6.831E-02
 30960 5.919E-02
 30970 5.637E-02
 30980 5.960E-02
 30990 6.386E-02
 31000 6.960E-02
 31010 7.630E-02
 31020 7.635E-02
 31030 7.341E-02
 31040 7.971E-02
 31050 8.833E-02
 31060 8.991E-02
 31070 8.521E-02
 31080 7.669E-02
 31090 7.099E-02
 31100 6.647E-02
 31110 5.960E-02
 31120 5.673E-02
 31130 5.763E-02
 31140 5.977E-02
 31150 6.505E-02
 31160 7.274E-02
 31170 8.233E-02
 31180 9.037E-02
 31190 9.281E-02
 31200 9.287E-02
 31210 9.089E-02
 31220 8.639E-02
 31230 8.313E-02
 31240 7.982E-02
 31250 7.941E-02
 31260 8.291E-02
 31270 7.933E-02
 31280 7.093E-02
 31290 6.812E-02
 31300 6.668E-02
 31310 5.999E-02
 31320 5.300E-02
 31330 5.591E-02
 31340 7.028E-02
 31350 8.454E-02
 31360 8.595E-02
 31370 7.806E-02
 31380 7.269E-02
 31390 7.015E-02
 31400 6.617E-02
 31410 6.136E-02
 31420 5.667E-02
 31430 5.306E-02
 31440 5.167E-02
 31450 5.387E-02
 31460 6.400E-02
 31470 8.084E-02
 31480 9.167E-02
 31490 9.023E-02
 31500 8.604E-02
 31510 8.930E-02
 31520 9.372E-02
 31530 9.322E-02
 31540 8.565E-02
 31550 7.468E-02
 31560 6.933E-02
 31570 7.030E-02
 31580 6.928E-02
 31590 6.595E-02
 31600 6.551E-02
 31610 6.572E-02
 31620 6.027E-02
 31630 5.114E-02
 31640 4.510E-02
 31650 4.187E-02
 31660 4.085E-02
 31670 4.720E-02
 31680 5.936E-02
 31690 6.794E-02
 31700 7.157E-02
 31710 7.408E-02
 31720 7.480E-02
 31730 7.436E-02
 31740 7.542E-02
 31750 7.663E-02
 31760 7.294E-02
 31770 6.577E-02
 31780 5.901E-02
 31790 4.889E-02
 31800 4.029E-02
 31810 4.798E-02
 31820 6.816E-02
 31830 8.153E-02
 31840 8.363E-02
 31850 8.417E-02
 31860 8.588E-02
 31870 8.292E-02
 31880 7.596E-02
 31890 7.040E-02
 31900 6.658E-02
 31910 6.535E-02
 31920 6.695E-02
 31930 6.834E-02
 31940 6.943E-02
 31950 7.101E-02
 31960 7.182E-02
 31970 7.141E-02
 31980 6.880E-02
 31990 6.551E-02
 32000 6.905E-02
 32010 7.429E-02
 32020 7.164E-02
 32030 6.421E-02
 32040 6.039E-02
 32050 6.026E-02
 32060 6.180E-02
 32070 6.447E-02
 32080 6.962E-02
 32090 7.746E-02
 32100 8.185E-02
 32110 8.197E-02
 32120 8.464E-02
 32130 8.678E-02
 32140 8.327E-02
 32150 8.124E-02
 32160 8.570E-02
 32170 8.919E-02
 32180 8.607E-02
 32190 8.050E-02
 32200 7.748E-02
 32210 7.636E-02
 32220 6.908E-02
 32230 5.243E-02
 32240 3.658E-02
 32250 3.122E-02
 32260 3.754E-02
 32270 4.725E-02
 32280 4.949E-02
 32290 5.013E-02
 32300 5.674E-02
 32310 5.694E-02
 32320 4.569E-02
 32330 3.764E-02
 32340 3.984E-02
 32350 4.685E-02
 32360 5.465E-02
 32370 5.960E-02
 32380 6.001E-02
 32390 6.242E-02
 32400 7.131E-02
 32410 7.810E-02
 32420 7.354E-02
 32430 6.232E-02
 32440 5.492E-02
 32450 5.666E-02
 32460 6.492E-02
 32470 6.927E-02
 32480 6.666E-02
 32490 6.606E-02
 32500 6.642E-02
 32510 6.054E-02
 32520 5.915E-02
 32530 6.361E-02
 32540 6.487E-02
 32550 6.497E-02
 32560 6.858E-02
 32570 7.096E-02
 32580 6.683E-02
 32590 5.598E-02
 32600 4.720E-02
 32610 4.890E-02
 32620 5.364E-02
 32630 5.486E-02
 32640 5.908E-02
 32650 6.689E-02
 32660 6.898E-02
 32670 5.964E-02
 32680 4.385E-02
 32690 3.272E-02
 32700 3.311E-02
 32710 4.409E-02
 32720 5.651E-02
 32730 6.030E-02
 32740 6.047E-02
 32750 6.844E-02
 32760 7.732E-02
 32770 7.450E-02
 32780 6.768E-02
 32790 6.356E-02
 32800 5.403E-02
 32810 4.501E-02
 32820 5.083E-02
 32830 6.402E-02
 32840 6.924E-02
 32850 6.640E-02
 32860 5.889E-02
 32870 5.055E-02
 32880 4.976E-02
 32890 5.589E-02
 32900 5.736E-02
 32910 4.861E-02
 32920 4.225E-02
 32930 5.164E-02
 32940 6.625E-02
 32950 7.189E-02
 32960 7.272E-02
 32970 7.239E-02
 32980 6.604E-02
 32990 5.830E-02
 33000 5.841E-02
 33010 6.851E-02
 33020 7.285E-02
 33030 6.640E-02
 33040 5.119E-02
 33050 4.413E-02
 33060 4.938E-02
 33070 5.644E-02
 33080 5.515E-02
 33090 4.141E-02
 33100 2.581E-02
 33110 2.281E-02
 33120 2.970E-02
 33130 3.687E-02
 33140 4.330E-02
 33150 4.980E-02
 33160 5.390E-02
 33170 5.516E-02
 33180 5.519E-02
 33190 5.362E-02
 33200 5.250E-02
 33210 5.261E-02
 33220 4.786E-02
 33230 3.930E-02
 33240 3.447E-02
 33250 3.649E-02
 33260 4.401E-02
 33270 5.088E-02
 33280 4.984E-02
 33290 4.041E-02
 33300 3.084E-02
 33310 2.724E-02
 33320 2.664E-02
 33330 2.946E-02
 33340 4.065E-02
 33350 5.530E-02
 33360 6.268E-02
 33370 5.917E-02
 33380 4.768E-02
 33390 3.853E-02
 33400 4.139E-02
 33410 5.014E-02
 33420 5.723E-02
 33430 6.335E-02
 33440 6.537E-02
 33450 6.032E-02
 33460 5.160E-02
 33470 4.393E-02
 33480 3.859E-02
 33490 3.365E-02
 33500 2.944E-02
 33510 3.011E-02
 33520 3.346E-02
 33530 3.798E-02
 33540 4.316E-02
 33550 5.089E-02
 33560 5.888E-02
 33570 6.767E-02
 33580 7.549E-02
 33590 7.413E-02
 33600 6.712E-02
 33610 6.288E-02
 33620 5.612E-02
 33630 4.585E-02
 33640 4.344E-02
 33650 4.692E-02
 33660 4.445E-02
 33670 4.021E-02
 33680 4.248E-02
 33690 4.271E-02
 33700 3.565E-02
 33710 3.226E-02
 33720 3.780E-02
 33730 4.915E-02
 33740 6.269E-02
 33750 7.056E-02
 33760 6.836E-02
 33770 6.196E-02
 33780 5.996E-02
 33790 6.352E-02
 33800 6.465E-02
 33810 5.918E-02
 33820 5.606E-02
 33830 5.877E-02
 33840 5.714E-02
 33850 5.227E-02
 33860 5.642E-02
 33870 6.534E-02
 33880 6.536E-02
 33890 5.628E-02
 33900 4.461E-02
 33910 3.576E-02
 33920 3.574E-02
 33930 4.677E-02
 33940 5.883E-02
 33950 5.979E-02
 33960 5.639E-02
 33970 5.821E-02
 33980 5.962E-02
 33990 5.558E-02
 34000 4.769E-02
 34010 4.774E-02
 34020 4.576E-02
 34030 4.078E-02
 34040 3.585E-02
 34050 3.733E-02
 34060 4.919E-02
 34070 5.995E-02
 34080 6.051E-02
 34090 5.925E-02
 34100 6.198E-02
 34110 6.408E-02
 34120 6.182E-02
 34130 5.359E-02
 34140 4.450E-02
 34150 4.326E-02
 34160 4.461E-02
 34170 4.311E-02
 34180 4.353E-02
 34190 4.537E-02
 34200 4.648E-02
 34210 4.979E-02
 34220 5.441E-02
 34230 5.614E-02
 34240 5.570E-02
 34250 5.505E-02
 34260 5.352E-02
 34270 5.261E-02
 34280 5.329E-02
 34290 5.279E-02
 34300 5.256E-02
 34310 5.663E-02
 34320 6.312E-02
 34330 6.532E-02
 34340 6.108E-02
 34350 5.663E-02
 34360 5.542E-02
 34370 5.551E-02
 34380 5.587E-02
 34390 5.712E-02
 34400 5.926E-02
 34410 6.233E-02
 34420 6.593E-02
 34430 6.771E-02
 34440 6.568E-02
 34450 6.104E-02
 34460 6.004E-02
 34470 6.391E-02
 34480 6.381E-02
 34490 5.794E-02
 34500 5.327E-02
 34510 5.468E-02
 34520 5.499E-02
 34530 5.349E-02
 34540 4.870E-02
 34550 4.369E-02
 34560 4.165E-02
 34570 4.158E-02
 34580 4.138E-02
 34590 4.075E-02
 34600 4.044E-02
 34610 4.043E-02
 34620 4.033E-02
 34630 4.049E-02
 34640 4.148E-02
 34650 4.269E-02
 34660 4.132E-02
 34670 3.521E-02
 34680 2.600E-02
 34690 1.702E-02
 34700 1.259E-02
 34710 1.528E-02
 34720 2.128E-02
 34730 2.641E-02
 34740 3.118E-02
 34750 3.438E-02
 34760 3.457E-02
 34770 3.503E-02
 34780 3.649E-02
 34790 3.740E-02
 34800 3.940E-02
 34810 4.285E-02
 34820 4.508E-02
 34830 4.314E-02
 34840 3.685E-02
 34850 3.118E-02
 34860 2.993E-02
 34870 3.139E-02
 34880 3.384E-02
 34890 3.604E-02
 34900 3.683E-02
 34910 3.655E-02
 34920 3.517E-02
 34930 3.374E-02
 34940 3.337E-02
 34950 3.320E-02
 34960 3.187E-02
 34970 2.813E-02
 34980 2.320E-02
 34990 1.963E-02
 35000 1.708E-02
 35010 1.667E-02
 35020 1.381E-02
 35030 1.096E-02
 35040 7.820E-03
 35050 5.073E-03
 35060 4.397E-03
 35070 5.905E-03
 35080 8.241E-03
 35090 1.095E-02
 35100 1.418E-02
 35110 1.759E-02
 35120 2.071E-02
 35130 2.365E-02
 35140 2.676E-02
 35150 2.820E-02
 35160 2.763E-02
 35170 2.908E-02
 35180 3.227E-02
 35190 3.282E-02
 35200 3.181E-02
 35210 3.293E-02
 35220 3.556E-02
 35230 3.706E-02
 35240 3.545E-02
 35250 3.071E-02
 35260 2.762E-02
 35270 2.994E-02
 35280 3.421E-02
 35290 3.599E-02
 35300 3.560E-02
 35310 3.558E-02
 35320 3.651E-02
 35330 3.697E-02
 35340 3.593E-02
 35350 3.388E-02
 35360 3.225E-02
 35370 3.105E-02
 35380 2.958E-02
 35390 2.986E-02
 35400 3.262E-02
 35410 3.372E-02
 35420 3.174E-02
 35430 3.004E-02
 35440 3.003E-02
 35450 3.041E-02
 35460 3.003E-02
 35470 2.866E-02
 35480 2.665E-02
 35490 2.498E-02
 35500 2.475E-02
 35510 2.865E-02
 35520 2.872E-02
 35530 2.654E-02
 35540 2.280E-02
 35550 2.016E-02
 35560 1.943E-02
 35570 1.943E-02
 35580 1.938E-02
 35590 1.882E-02
 35600 1.751E-02
 35610 1.581E-02
 35620 1.418E-02
 35630 1.268E-02
 35640 1.111E-02
 35650 9.611E-03
 35660 8.926E-03
 35670 9.140E-03
 35680 9.148E-03
 35690 8.729E-03
 35700 8.889E-03
 35710 9.338E-03
 35720 9.092E-03
 35730 8.336E-03
 35740 7.772E-03
 35750 8.012E-03
 35760 9.089E-03
 35770 9.625E-03
 35780 8.837E-03
 35790 8.429E-03
 35800 9.364E-03
 35810 1.051E-02
 35820 1.133E-02
 35830 1.217E-02
 35840 1.325E-02
 35850 1.439E-02
 35860 1.554E-02
 35870 1.720E-02
 35880 1.902E-02
 35890 1.995E-02
 35900 1.997E-02
 35910 1.946E-02
 35920 1.884E-02
 35930 1.886E-02
 35940 1.921E-02
 35950 1.901E-02
 35960 1.857E-02
 35970 1.859E-02
 35980 1.922E-02
 35990 2.070E-02
 36000 1.955E-02
 36010 2.140E-02
 36020 2.324E-02
 36030 2.581E-02
 36040 2.793E-02
 36050 2.788E-02
 36060 2.612E-02
 36070 2.546E-02
 36080 2.669E-02
 36090 2.659E-02
 36100 2.401E-02
 36110 2.218E-02
 36120 2.274E-02
 36130 2.403E-02
 36140 2.547E-02
 36150 2.789E-02
 36160 2.972E-02
 36170 2.836E-02
 36180 2.440E-02
 36190 2.096E-02
 36200 2.082E-02
 36210 2.364E-02
 36220 2.619E-02
 36230 2.805E-02
 36240 2.909E-02
 36250 2.598E-02
 36260 1.922E-02
 36270 1.325E-02
 36280 1.102E-02
 36290 1.278E-02
 36300 1.619E-02
 36310 1.957E-02
 36320 2.198E-02
 36330 2.134E-02
 36340 1.718E-02
 36350 1.197E-02
 36360 9.075E-03
 36370 9.915E-03
 36380 1.150E-02
 36390 1.092E-02
 36400 1.046E-02
 36410 1.237E-02
 36420 1.385E-02
 36430 1.220E-02
 36440 9.651E-03
 36450 9.180E-03
 36460 1.091E-02
 36470 1.294E-02
 36480 1.336E-02
 36490 1.258E-02
 36500 1.286E-02
 36510 1.393E-02
 36520 1.359E-02
 36530 1.343E-02
 36540 1.574E-02
 36550 1.835E-02
 36560 1.874E-02
 36570 1.854E-02
 36580 2.029E-02
 36590 2.333E-02
 36600 2.514E-02
 36610 2.594E-02
 36620 2.822E-02
 36630 3.015E-02
 36640 2.688E-02
 36650 2.101E-02
 36660 1.864E-02
 36670 1.932E-02
 36680 1.965E-02
 36690 1.875E-02
 36700 1.762E-02
 36710 1.752E-02
 36720 1.820E-02
 36730 1.743E-02
 36740 1.449E-02
 36750 1.166E-02
 36760 1.039E-02
 36770 1.081E-02
 36780 1.419E-02
 36790 1.970E-02
 36800 2.336E-02
 36810 2.292E-02
 36820 2.028E-02
 36830 1.930E-02
 36840 2.235E-02
 36850 2.730E-02
 36860 2.893E-02
 36870 2.663E-02
 36880 2.495E-02
 36890 2.521E-02
 36900 2.516E-02
 36910 2.457E-02
 36920 2.455E-02
 36930 2.447E-02
 36940 2.459E-02
 36950 2.694E-02
 36960 3.056E-02
 36970 3.172E-02
 36980 3.011E-02
 36990 2.801E-02
 37000 2.624E-02
 37010 2.744E-02
 37020 3.094E-02
 37030 3.231E-02
 37040 2.845E-02
 37050 2.414E-02
 37060 2.308E-02
 37070 2.268E-02
 37080 2.066E-02
 37090 1.992E-02
 37100 2.266E-02
 37110 2.587E-02
 37120 2.667E-02
 37130 2.596E-02
 37140 2.521E-02
 37150 2.377E-02
 37160 2.171E-02
 37170 2.093E-02
 37180 2.225E-02
 37190 2.440E-02
 37200 2.625E-02
 37210 2.741E-02
 37220 2.721E-02
 37230 2.567E-02
 37240 2.422E-02
 37250 2.407E-02
 37260 2.504E-02
 37270 2.620E-02
 37280 2.664E-02
 37290 2.574E-02
 37300 2.366E-02
 37310 2.162E-02
 37320 2.088E-02
 37330 2.186E-02
 37340 2.399E-02
 37350 2.678E-02
 37360 2.973E-02
 37370 3.155E-02
 37380 3.122E-02
 37390 2.775E-02
 37400 2.262E-02
 37410 2.106E-02
 37420 2.444E-02
 37430 2.698E-02
 37440 2.514E-02
 37450 2.304E-02
 37460 2.403E-02
 37470 2.600E-02
 37480 2.584E-02
 37490 2.432E-02
 37500 2.370E-02
 37510 2.481E-02
 37520 2.339E-02
 37530 2.134E-02
 37540 2.155E-02
 37550 2.257E-02
 37560 2.327E-02
 37570 2.488E-02
 37580 2.686E-02
 37590 2.742E-02
 37600 2.649E-02
 37610 2.600E-02
 37620 2.696E-02
 37630 2.784E-02
 37640 2.858E-02
 37650 2.987E-02
 37660 2.971E-02
 37670 2.721E-02
 37680 2.463E-02
 37690 2.311E-02
 37700 2.176E-02
 37710 2.049E-02
 37720 1.979E-02
 37730 1.904E-02
 37740 1.779E-02
 37750 1.739E-02
 37760 1.890E-02
 37770 2.100E-02
 37780 2.242E-02
 37790 2.383E-02
 37800 2.628E-02
 37810 2.991E-02
 37820 3.261E-02
 37830 3.149E-02
 37840 2.737E-02
 37850 2.381E-02
 37860 2.289E-02
 37870 2.412E-02
 37880 2.635E-02
 37890 2.755E-02
 37900 2.571E-02
 37910 2.210E-02
 37920 1.901E-02
 37930 1.696E-02
 37940 1.586E-02
 37950 1.450E-02
 37960 1.196E-02
 37970 9.063E-03
 37980 6.613E-03
 37990 5.010E-03
 38000 6.982E-03
 38010 8.374E-03
 38020 9.209E-03
 38030 9.064E-03
 38040 9.243E-03
 38050 9.812E-03
 38060 9.802E-03
 38070 9.892E-03
 38080 1.136E-02
 38090 1.332E-02
 38100 1.419E-02
 38110 1.401E-02
 38120 1.337E-02
 38130 1.239E-02
 38140 1.186E-02
 38150 1.240E-02
 38160 1.265E-02
 38170 1.131E-02
 38180 9.472E-03
 38190 8.921E-03
 38200 1.014E-02
 38210 1.185E-02
 38220 1.222E-02
 38230 1.088E-02
 38240 8.812E-03
 38250 7.214E-03
 38260 6.483E-03
 38270 6.212E-03
 38280 6.708E-03
 38290 8.323E-03
 38300 1.017E-02
 38310 1.098E-02
 38320 1.037E-02
 38330 8.766E-03
 38340 7.100E-03
 38350 6.491E-03
 38360 7.172E-03
 38370 8.672E-03
 38380 1.055E-02
 38390 1.215E-02
 38400 1.316E-02
 38410 1.369E-02
 38420 1.339E-02
 38430 1.171E-02
 38440 8.759E-03
 38450 5.928E-03
 38460 4.789E-03
 38470 5.534E-03
 38480 7.679E-03
 38490 1.025E-02
 38500 1.148E-02
 38510 1.094E-02
 38520 1.038E-02
 38530 9.389E-03
 38540 8.205E-03
 38550 8.342E-03
 38560 9.738E-03
 38570 1.079E-02
 38580 1.178E-02
 38590 1.419E-02
 38600 1.647E-02
 38610 1.602E-02
 38620 1.352E-02
 38630 1.114E-02
 38640 9.162E-03
 38650 7.188E-03
 38660 6.110E-03
 38670 7.025E-03
 38680 9.386E-03
 38690 1.131E-02
 38700 1.185E-02
 38710 1.248E-02
 38720 1.487E-02
 38730 1.737E-02
 38740 1.748E-02
 38750 1.597E-02
 38760 1.430E-02
 38770 1.261E-02
 38780 1.090E-02
 38790 9.067E-03
 38800 7.457E-03
 38810 6.963E-03
 38820 8.055E-03
 38830 1.031E-02
 38840 1.278E-02
 38850 1.420E-02
 38860 1.405E-02
 38870 1.328E-02
 38880 1.281E-02
 38890 1.280E-02
 38900 1.309E-02
 38910 1.296E-02
 38920 1.217E-02
 38930 1.151E-02
 38940 1.134E-02
 38950 1.149E-02
 38960 1.160E-02
 38970 1.092E-02
 38980 9.431E-03
 38990 7.921E-03
 39000 6.762E-03
 39010 7.029E-03
 39020 7.282E-03
 39030 8.212E-03
 39040 9.198E-03
 39050 9.823E-03
 39060 1.022E-02
 39070 1.023E-02
 39080 9.517E-03
 39090 8.623E-03
 39100 8.302E-03
 39110 8.438E-03
 39120 8.605E-03
 39130 8.907E-03
 39140 9.327E-03
 39150 9.277E-03
 39160 8.851E-03
 39170 8.889E-03
 39180 9.165E-03
 39190 8.642E-03
 39200 7.277E-03
 39210 5.937E-03
 39220 5.336E-03
 39230 5.538E-03
 39240 5.941E-03
 39250 6.001E-03
 39260 5.852E-03
 39270 5.893E-03
 39280 6.217E-03
 39290 6.617E-03
 39300 6.886E-03
 39310 6.901E-03
 39320 6.573E-03
 39330 6.053E-03
 39340 5.720E-03
 39350 5.814E-03
 39360 6.090E-03
 39370 6.057E-03
 39380 5.802E-03
 39390 5.733E-03
 39400 5.736E-03
 39410 5.555E-03
 39420 5.349E-03
 39430 5.385E-03
 39440 5.618E-03
 39450 5.796E-03
 39460 5.826E-03
 39470 5.828E-03
 39480 5.951E-03
 39490 6.154E-03
 39500 5.871E-03
 39510 5.224E-03
 39520 4.204E-03
 39530 3.470E-03
 39540 3.256E-03
 39550 3.428E-03
 39560 3.849E-03
 39570 4.348E-03
 39580 4.685E-03
 39590 4.604E-03
 39600 4.155E-03
 39610 3.699E-03
 39620 3.470E-03
 39630 3.557E-03
 39640 4.016E-03
 39650 4.641E-03
 39660 5.021E-03
 39670 4.913E-03
 39680 4.444E-03
 39690 4.039E-03
 39700 3.919E-03
 39710 3.911E-03
 39720 3.821E-03
 39730 3.644E-03
 39740 3.574E-03
 39750 3.690E-03
 39760 3.830E-03
 39770 4.016E-03
 39780 4.431E-03
 39790 4.984E-03
 39800 5.338E-03
 39810 5.411E-03
 39820 5.524E-03
 39830 6.003E-03
 39840 6.648E-03
 39850 6.863E-03
 39860 6.426E-03
 39870 5.547E-03
 39880 4.643E-03
 39890 4.342E-03
 39900 4.904E-03
 39910 5.880E-03
 39920 6.703E-03
 39930 7.043E-03
 39940 6.900E-03
 39950 6.472E-03
 39960 5.840E-03
 39970 5.312E-03
 39980 5.498E-03
 39990 6.425E-03
 40000 7.146E-03
 40010 7.361E-03
 40020 7.090E-03
 40030 6.880E-03
 40040 6.824E-03
 40050 6.714E-03
 40060 6.666E-03
 40070 6.877E-03
 40080 7.011E-03
 40090 6.631E-03
 40100 5.905E-03
 40110 5.228E-03
 40120 4.480E-03
 40130 3.570E-03
 40140 2.960E-03
 40150 2.862E-03
 40160 3.069E-03
 40170 3.274E-03
 40180 3.300E-03
 40190 3.422E-03
 40200 3.893E-03
 40210 4.488E-03
 40220 4.856E-03
 40230 4.772E-03
 40240 4.273E-03
 40250 3.571E-03
 40260 3.050E-03
 40270 3.117E-03
 40280 3.751E-03
 40290 4.649E-03
 40300 5.275E-03
 40310 5.254E-03
 40320 4.782E-03
 40330 4.388E-03
 40340 4.486E-03
 40350 4.925E-03
 40360 5.372E-03
 40370 5.697E-03
 40380 5.895E-03
 40390 6.058E-03
 40400 6.196E-03
 40410 6.146E-03
 40420 5.639E-03
 40430 4.832E-03
 40440 4.499E-03
 40450 4.990E-03
 40460 5.624E-03
 40470 5.719E-03
 40480 5.498E-03
 40490 5.409E-03
 40500 5.512E-03
 40510 5.565E-03
 40520 5.493E-03
 40530 5.288E-03
 40540 5.069E-03
 40550 4.976E-03
 40560 4.993E-03
 40570 4.978E-03
 40580 4.801E-03
 40590 4.433E-03
 40600 4.025E-03
 40610 3.850E-03
 40620 3.963E-03
 40630 4.186E-03
 40640 4.428E-03
 40650 4.660E-03
 40660 4.823E-03
 40670 4.966E-03
 40680 5.182E-03
 40690 5.245E-03
 40700 4.967E-03
 40710 4.719E-03
 40720 4.759E-03
 40730 4.866E-03
 40740 4.823E-03
 40750 4.635E-03
 40760 4.445E-03
 40770 4.380E-03
 40780 4.399E-03
 40790 4.446E-03
 40800 4.574E-03
 40810 4.792E-03
 40820 5.015E-03
 40830 5.127E-03
 40840 5.024E-03
 40850 4.911E-03
 40860 5.094E-03
 40870 5.471E-03
 40880 5.834E-03
 40890 6.087E-03
 40900 6.172E-03
 40910 6.159E-03
 40920 6.282E-03
 40930 6.710E-03
 40940 7.246E-03
 40950 7.590E-03
 40960 7.582E-03
 40970 7.183E-03
 40980 6.509E-03
 40990 5.857E-03
 41000 5.664E-03
 41010 6.238E-03
 41020 6.773E-03
 41030 6.882E-03
 41040 6.430E-03
 41050 5.881E-03
 41060 5.570E-03
 41070 5.654E-03
 41080 6.148E-03
 41090 6.557E-03
 41100 6.478E-03
 41110 6.274E-03
 41120 6.451E-03
 41130 6.961E-03
 41140 7.454E-03
 41150 7.614E-03
 41160 7.329E-03
 41170 6.855E-03
 41180 6.720E-03
 41190 7.238E-03
 41200 8.030E-03
 41210 8.312E-03
 41220 7.866E-03
 41230 7.193E-03
 41240 6.644E-03
 41250 6.254E-03
 41260 6.123E-03
 41270 6.327E-03
 41280 6.895E-03
 41290 7.628E-03
 41300 7.962E-03
 41310 7.745E-03
 41320 7.364E-03
 41330 7.022E-03
 41340 6.770E-03
 41350 6.604E-03
 41360 6.368E-03
 41370 6.080E-03
 41380 5.912E-03
 41390 5.780E-03
 41400 5.544E-03
 41410 5.225E-03
 41420 4.778E-03
 41430 4.228E-03
 41440 3.807E-03
 41450 3.700E-03
 41460 3.715E-03
 41470 3.456E-03
 41480 3.018E-03
 41490 2.933E-03
 41500 3.556E-03
 41510 4.330E-03
 41520 4.791E-03
 41530 4.669E-03
 41540 4.100E-03
 41550 3.513E-03
 41560 3.242E-03
 41570 3.149E-03
 41580 2.989E-03
 41590 2.863E-03
 41600 3.127E-03
 41610 3.841E-03
 41620 4.504E-03
 41630 4.772E-03
 41640 4.869E-03
 41650 5.001E-03
 41660 5.002E-03
 41670 4.584E-03
 41680 3.897E-03
 41690 3.590E-03
 41700 3.894E-03
 41710 4.259E-03
 41720 4.174E-03
 41730 3.656E-03
 41740 2.972E-03
 41750 2.567E-03
 41760 2.951E-03
 41770 4.049E-03
 41780 5.115E-03
 41790 5.656E-03
 41800 5.824E-03
 41810 5.895E-03
 41820 6.025E-03
 41830 6.020E-03
 41840 5.426E-03
 41850 4.384E-03
 41860 3.563E-03
 41870 3.454E-03
 41880 4.052E-03
 41890 4.839E-03
 41900 5.344E-03
 41910 5.447E-03
 41920 5.184E-03
 41930 4.611E-03
 41940 3.868E-03
 41950 3.187E-03
 41960 2.678E-03
 41970 2.364E-03
 41980 2.272E-03
 41990 2.432E-03
 42000 2.870E-03
 42010 3.344E-03
 42020 3.731E-03
 42030 3.918E-03
 42040 4.282E-03
 42050 5.039E-03
 42060 5.874E-03
 42070 6.329E-03
 42080 6.108E-03
 42090 5.352E-03
 42100 4.604E-03
 42110 4.111E-03
 42120 3.764E-03
 42130 3.629E-03
 42140 4.042E-03
 42150 5.088E-03
 42160 6.154E-03
 42170 6.538E-03
 42180 6.267E-03
 42190 5.808E-03
 42200 5.461E-03
 42210 5.132E-03
 42220 4.686E-03
 42230 4.286E-03
 42240 4.054E-03
 42250 3.975E-03
 42260 4.021E-03
 42270 4.035E-03
 42280 3.955E-03
 42290 4.066E-03
 42300 4.625E-03
 42310 5.340E-03
 42320 5.603E-03
 42330 5.256E-03
 42340 4.666E-03
 42350 4.106E-03
 42360 3.550E-03
 42370 3.122E-03
 42380 3.107E-03
 42390 3.595E-03
 42400 4.519E-03
 42410 5.545E-03
 42420 6.179E-03
 42430 6.350E-03
 42440 6.184E-03
 42450 5.640E-03
 42460 4.938E-03
 42470 4.636E-03
 42480 5.005E-03
 42490 5.668E-03
 42500 6.087E-03
 42510 6.248E-03
 42520 5.956E-03
 42530 5.575E-03
 42540 5.339E-03
 42550 5.196E-03
 42560 4.820E-03
 42570 4.060E-03
 42580 3.298E-03
 42590 3.041E-03
 42600 3.242E-03
 42610 3.412E-03
 42620 3.302E-03
 42630 3.079E-03
 42640 2.872E-03
 42650 2.663E-03
 42660 2.571E-03
 42670 2.852E-03
 42680 3.575E-03
 42690 4.392E-03
 42700 4.868E-03
 42710 4.887E-03
 42720 4.589E-03
 42730 4.199E-03
 42740 3.832E-03
 42750 3.447E-03
 42760 3.085E-03
 42770 3.020E-03
 42780 3.553E-03
 42790 4.570E-03
 42800 5.524E-03
 42810 5.943E-03
 42820 5.784E-03
 42830 5.266E-03
 42840 4.677E-03
 42850 4.173E-03
 42860 3.736E-03
 42870 3.480E-03
 42880 3.547E-03
 42890 3.832E-03
 42900 4.274E-03
 42910 4.883E-03
 42920 5.455E-03
 42930 5.766E-03
 42940 5.709E-03
 42950 5.230E-03
 42960 4.546E-03
 42970 4.023E-03
 42980 3.771E-03
 42990 3.784E-03
 43000 4.222E-03
 43010 5.123E-03
 43020 6.390E-03
 43030 7.396E-03
 43040 7.695E-03
 43050 7.090E-03
 43060 5.927E-03
 43070 4.756E-03
 43080 3.913E-03
 43090 3.519E-03
 43100 3.632E-03
 43110 4.261E-03
 43120 5.050E-03
 43130 5.487E-03
 43140 5.449E-03
 43150 5.282E-03
 43160 5.331E-03
 43170 5.610E-03
 43180 5.956E-03
 43190 6.080E-03
 43200 5.678E-03
 43210 4.789E-03
 43220 3.859E-03
 43230 3.342E-03
 43240 3.227E-03
 43250 3.226E-03
 43260 3.301E-03
 43270 3.559E-03
 43280 3.962E-03
 43290 4.394E-03
 43300 4.867E-03
 43310 5.411E-03
 43320 5.929E-03
 43330 6.414E-03
 43340 6.951E-03
 43350 7.396E-03
 43360 7.440E-03
 43370 6.954E-03
 43380 6.110E-03
 43390 5.241E-03
 43400 4.542E-03
 43410 4.260E-03
 43420 4.534E-03
 43430 4.849E-03
 43440 4.742E-03
 43450 4.351E-03
 43460 3.983E-03
 43470 3.825E-03
 43480 3.768E-03
 43490 3.576E-03
 43500 3.278E-03
 43510 3.210E-03
 43520 3.421E-03
 43530 4.204E-03
 43540 5.271E-03
 43550 5.932E-03
 43560 5.876E-03
 43570 5.460E-03
 43580 5.188E-03
 43590 5.160E-03
 43600 5.139E-03
 43610 4.998E-03
 43620 4.803E-03
 43630 4.621E-03
 43640 4.434E-03
 43650 4.285E-03
 43660 4.317E-03
 43670 4.541E-03
 43680 4.862E-03
 43690 5.060E-03
 43700 4.804E-03
 43710 4.222E-03
 43720 3.946E-03
 43730 4.397E-03
 43740 5.387E-03
 43750 6.215E-03
 43760 6.319E-03
 43770 5.842E-03
 43780 5.366E-03
 43790 5.388E-03
 43800 5.870E-03
 43810 6.264E-03
 43820 6.233E-03
 43830 5.867E-03
 43840 5.310E-03
 43850 4.797E-03
 43860 4.599E-03
 43870 4.657E-03
 43880 4.710E-03
 43890 4.656E-03
 43900 4.544E-03
 43910 4.373E-03
 43920 4.109E-03
 43930 3.845E-03
 43940 3.753E-03
 43950 3.798E-03
 43960 3.728E-03
 43970 3.557E-03
 43980 3.532E-03
 43990 3.606E-03
 44000 3.510E-03
 44010 3.375E-03
 44020 3.251E-03
 44030 3.138E-03
 44040 3.051E-03
 44050 3.023E-03
 44060 3.043E-03
 44070 3.097E-03
 44080 3.170E-03
 44090 3.241E-03
 44100 3.320E-03
 44110 3.388E-03
 44120 3.386E-03
 44130 3.320E-03
 44140 3.308E-03
 44150 3.458E-03
 44160 3.715E-03
 44170 4.027E-03
 44180 4.447E-03
 44190 4.834E-03
 44200 4.931E-03
 44210 4.689E-03
 44220 4.269E-03
 44230 3.988E-03
 44240 4.185E-03
 44250 4.785E-03
 44260 5.278E-03
 44270 5.370E-03
 44280 5.255E-03
 44290 5.178E-03
 44300 5.055E-03
 44310 4.785E-03
 44320 4.647E-03
 44330 4.879E-03
 44340 5.135E-03
 44350 5.007E-03
 44360 4.780E-03
 44370 4.971E-03
 44380 5.480E-03
 44390 5.757E-03
 44400 5.545E-03
 44410 5.183E-03
 44420 5.099E-03
 44430 5.236E-03
 44440 5.320E-03
 44450 5.387E-03
 44460 5.736E-03
 44470 6.444E-03
 44480 7.085E-03
 44490 7.218E-03
 44500 6.946E-03
 44510 6.511E-03
 44520 6.254E-03
 44530 5.918E-03
 44540 5.370E-03
 44550 4.815E-03
 44560 4.623E-03
 44570 4.770E-03
 44580 4.965E-03
 44590 5.079E-03
 44600 5.183E-03
 44610 5.453E-03
 44620 5.964E-03
 44630 6.470E-03
 44640 6.583E-03
 44650 6.162E-03
 44660 5.556E-03
 44670 5.407E-03
 44680 5.877E-03
 44690 6.488E-03
 44700 6.977E-03
 44710 7.400E-03
 44720 7.648E-03
 44730 7.622E-03
 44740 7.474E-03
 44750 7.493E-03
 44760 7.779E-03
 44770 7.961E-03
 44780 7.618E-03
 44790 6.718E-03
 44800 5.522E-03
 44810 4.580E-03
 44820 4.313E-03
 44830 4.564E-03
 44840 4.946E-03
 44850 5.222E-03
 44860 5.221E-03
 44870 4.888E-03
 44880 4.471E-03
 44890 4.260E-03
 44900 4.337E-03
 44910 4.596E-03
 44920 4.811E-03
 44930 4.899E-03
 44940 4.987E-03
 44950 5.070E-03
 44960 4.988E-03
 44970 4.831E-03
 44980 4.819E-03
 44990 5.027E-03
 45000 5.382E-03
 45010 5.526E-03
 45020 5.417E-03
 45030 5.229E-03
 45040 5.129E-03
 45050 4.879E-03
 45060 4.231E-03
 45070 3.396E-03
 45080 2.745E-03
 45090 2.385E-03
 45100 2.355E-03
 45110 2.718E-03
 45120 3.394E-03
 45130 4.095E-03
 45140 4.466E-03
 45150 4.478E-03
 45160 4.487E-03
 45170 4.652E-03
 45180 4.510E-03
 45190 3.620E-03
 45200 2.538E-03
 45210 1.991E-03
 45220 1.967E-03
 45230 2.360E-03
 45240 3.020E-03
 45250 3.528E-03
 45260 3.605E-03
 45270 3.503E-03
 45280 3.660E-03
 45290 4.020E-03
 45300 4.376E-03
 45310 4.814E-03
 45320 5.352E-03
 45330 5.699E-03
 45340 5.777E-03
 45350 5.930E-03
 45360 6.328E-03
 45370 6.616E-03
 45380 6.480E-03
 45390 5.882E-03
 45400 4.874E-03
 45410 3.876E-03
 45420 3.352E-03
 45430 3.473E-03
 45440 4.221E-03
 45450 5.137E-03
 45460 5.693E-03
 45470 5.843E-03
 45480 5.661E-03
 45490 5.151E-03
 45500 4.483E-03
 45510 3.809E-03
 45520 3.425E-03
 45530 3.457E-03
 45540 3.902E-03
 45550 4.540E-03
 45560 5.198E-03
 45570 5.745E-03
 45580 6.045E-03
 45590 5.792E-03
 45600 4.870E-03
 45610 4.024E-03
 45620 3.919E-03
 45630 4.225E-03
 45640 4.355E-03
 45650 4.141E-03
 45660 3.874E-03
 45670 3.860E-03
 45680 3.964E-03
 45690 3.823E-03
 45700 3.362E-03
 45710 2.908E-03
 45720 2.970E-03
 45730 3.735E-03
 45740 4.614E-03
 45750 4.849E-03
 45760 4.545E-03
 45770 4.349E-03
 45780 4.521E-03
 45790 4.908E-03
 45800 5.326E-03
 45810 5.632E-03
 45820 5.712E-03
 45830 5.594E-03
 45840 5.428E-03
 45850 5.317E-03
 45860 5.200E-03
 45870 4.869E-03
 45880 4.148E-03
 45890 3.230E-03
 45900 2.579E-03
 45910 2.418E-03
 45920 2.656E-03
 45930 3.005E-03
 45940 3.078E-03
 45950 2.812E-03
 45960 2.524E-03
 45970 2.462E-03
 45980 2.640E-03
 45990 2.982E-03
 46000 3.361E-03
 46010 3.753E-03
 46020 3.850E-03
 46030 3.782E-03
 46040 3.659E-03
 46050 3.554E-03
 46060 3.374E-03
 46070 3.071E-03
 46080 2.792E-03
 46090 2.747E-03
 46100 2.918E-03
 46110 2.923E-03
 46120 2.525E-03
 46130 2.052E-03
 46140 1.934E-03
 46150 2.216E-03
 46160 2.714E-03
 46170 3.233E-03
 46180 3.577E-03
 46190 3.700E-03
 46200 3.775E-03
 46210 3.899E-03
 46220 3.964E-03
 46230 3.973E-03
 46240 4.064E-03
 46250 4.218E-03
 46260 4.279E-03
 46270 4.029E-03
 46280 3.409E-03
 46290 2.756E-03
 46300 2.374E-03
 46310 2.203E-03
 46320 2.150E-03
 46330 2.245E-03
 46340 2.504E-03
 46350 2.888E-03
 46360 3.284E-03
 46370 3.597E-03
 46380 3.844E-03
 46390 4.110E-03
 46400 4.429E-03
 46410 4.680E-03
 46420 4.687E-03
 46430 4.402E-03
 46440 3.952E-03
 46450 3.542E-03
 46460 3.270E-03
 46470 3.141E-03
 46480 3.254E-03
 46490 3.682E-03
 46500 3.985E-03
 46510 4.244E-03
 46520 4.121E-03
 46530 3.845E-03
 46540 3.548E-03
 46550 3.271E-03
 46560 3.108E-03
 46570 3.085E-03
 46580 3.170E-03
 46590 3.386E-03
 46600 3.747E-03
 46610 4.147E-03
 46620 4.467E-03
 46630 4.650E-03
 46640 4.649E-03
 46650 4.546E-03
 46660 4.551E-03
 46670 4.740E-03
 46680 4.857E-03
 46690 4.534E-03
 46700 3.799E-03
 46710 3.017E-03
 46720 2.430E-03
 46730 2.196E-03
 46740 2.415E-03
 46750 2.943E-03
 46760 3.513E-03
 46770 3.884E-03
 46780 3.846E-03
 46790 3.433E-03
 46800 2.961E-03
 46810 2.611E-03
 46820 2.398E-03
 46830 2.410E-03
 46840 2.633E-03
 46850 2.838E-03
 46860 2.848E-03
 46870 2.756E-03
 46880 2.739E-03
 46890 2.779E-03
 46900 2.746E-03
 46910 2.575E-03
 46920 2.401E-03
 46930 2.456E-03
 46940 2.789E-03
 46950 3.203E-03
 46960 3.459E-03
 46970 3.509E-03
 46980 3.474E-03
 46990 3.455E-03
 47000 3.337E-03
 47010 3.104E-03
 47020 2.668E-03
 47030 2.106E-03
 47040 1.538E-03
 47050 1.196E-03
 47060 1.191E-03
 47070 1.403E-03
 47080 1.768E-03
 47090 2.255E-03
 47100 2.722E-03
 47110 3.106E-03
 47120 3.476E-03
 47130 3.939E-03
 47140 4.469E-03
 47150 4.737E-03
 47160 4.488E-03
 47170 3.948E-03
 47180 3.518E-03
 47190 3.423E-03
 47200 3.703E-03
 47210 4.126E-03
 47220 4.299E-03
 47230 4.077E-03
 47240 3.526E-03
 47250 2.824E-03
 47260 2.312E-03
 47270 2.193E-03
 47280 2.350E-03
 47290 2.581E-03
 47300 2.802E-03
 47310 3.102E-03
 47320 3.490E-03
 47330 3.708E-03
 47340 3.520E-03
 47350 2.959E-03
 47360 2.305E-03
 47370 1.871E-03
 47380 1.710E-03
 47390 1.703E-03
 47400 1.858E-03
 47410 2.241E-03
 47420 2.716E-03
 47430 3.027E-03
 47440 3.129E-03
 47450 3.180E-03
 47460 3.321E-03
 47470 3.471E-03
 47480 3.349E-03
 47490 2.881E-03
 47500 2.276E-03
 47510 1.992E-03
 47520 1.932E-03
 47530 2.332E-03
 47540 2.892E-03
 47550 3.268E-03
 47560 3.300E-03
 47570 3.002E-03
 47580 2.559E-03
 47590 2.177E-03
 47600 1.953E-03
 47610 1.934E-03
 47620 2.108E-03
 47630 2.354E-03
 47640 2.544E-03
 47650 2.598E-03
 47660 2.519E-03
 47670 2.386E-03
 47680 2.266E-03
 47690 2.159E-03
 47700 2.045E-03
 47710 1.910E-03
 47720 1.794E-03
 47730 1.818E-03
 47740 2.039E-03
 47750 2.277E-03
 47760 2.264E-03
 47770 2.021E-03
 47780 1.820E-03
 47790 1.757E-03
 47800 1.699E-03
 47810 1.598E-03
 47820 1.520E-03
 47830 1.513E-03
 47840 1.586E-03
 47850 1.709E-03
 47860 1.794E-03
 47870 1.763E-03
 47880 1.656E-03
 47890 1.581E-03
 47900 1.575E-03
 47910 1.591E-03
 47920 1.557E-03
 47930 1.449E-03
 47940 1.313E-03
 47950 1.233E-03
 47960 1.230E-03
 47970 1.256E-03
 47980 1.266E-03
 47990 1.242E-03
 48000 1.210E-03
 48010 1.278E-03
 48020 1.293E-03
 48030 1.314E-03
 48040 1.344E-03
 48050 1.381E-03
 48060 1.402E-03
 48070 1.382E-03
 48080 1.337E-03
 48090 1.313E-03
 48100 1.331E-03
 48110 1.377E-03
 48120 1.414E-03
 48130 1.420E-03
 48140 1.406E-03
 48150 1.383E-03
 48160 1.357E-03
 48170 1.332E-03
 48180 1.313E-03
 48190 1.304E-03
 48200 1.292E-03
 48210 1.269E-03
 48220 1.243E-03
 48230 1.222E-03
 48240 1.208E-03
 48250 1.212E-03
 48260 1.219E-03
 48270 1.204E-03
 48280 1.173E-03
 48290 1.148E-03
 48300 1.138E-03
 48310 1.139E-03
 48320 1.145E-03
 48330 1.160E-03
 48340 1.182E-03
 48350 1.185E-03
 48360 1.154E-03
 48370 1.111E-03
 48380 1.090E-03
 48390 1.100E-03
 48400 1.125E-03
 48410 1.141E-03
 48420 1.133E-03
 48430 1.110E-03
 48440 1.078E-03
 48450 1.031E-03
 48460 9.849E-04
 48470 9.579E-04
 48480 9.598E-04
 48490 1.007E-03
 48500 1.045E-03
 48510 1.099E-03
 48520 1.106E-03
 48530 1.088E-03
 48540 1.048E-03
 48550 9.870E-04
 48560 9.550E-04
 48570 9.830E-04
 48580 1.033E-03
 48590 1.059E-03
 48600 1.039E-03
 48610 9.859E-04
 48620 9.359E-04
 48630 9.289E-04
 48640 9.668E-04
 48650 1.022E-03
 48660 1.062E-03
 48670 1.081E-03
 48680 1.090E-03
 48690 1.084E-03
 48700 1.065E-03
 48710 1.049E-03
 48720 1.039E-03
 48730 1.028E-03
 48740 1.020E-03
 48750 1.012E-03
 48760 1.002E-03
 48770 9.956E-04
 48780 9.975E-04
 48790 9.875E-04
 48800 9.625E-04
 48810 9.535E-04
 48820 9.755E-04
 48830 1.016E-03
 48840 1.057E-03
 48850 1.078E-03
 48860 1.055E-03
 48870 1.003E-03
 48880 9.543E-04
 48890 9.303E-04
 48900 9.383E-04
 48910 9.703E-04
 48920 1.014E-03
 48930 1.051E-03
 48940 1.062E-03
 48950 1.034E-03
 48960 9.902E-04
 48970 9.491E-04
 48980 8.968E-04
 48990 8.349E-04
 49000 8.169E-04
 49010 8.197E-04
 49020 8.594E-04
 49030 9.099E-04
 49040 9.461E-04
 49050 9.651E-04
 49060 9.730E-04
 49070 9.750E-04
 49080 9.700E-04
 49090 9.400E-04
 49100 8.862E-04
 49110 8.329E-04
 49120 7.885E-04
 49130 7.568E-04
 49140 7.523E-04
 49150 7.803E-04
 49160 8.316E-04
 49170 8.896E-04
 49180 9.368E-04
 49190 9.618E-04
 49200 9.638E-04
 49210 9.468E-04
 49220 9.155E-04
 49230 8.760E-04
 49240 8.487E-04
 49250 8.496E-04
 49260 8.646E-04
 49270 8.695E-04
 49280 8.610E-04
 49290 8.424E-04
 49300 7.996E-04
 49310 7.157E-04
 49320 6.176E-04
 49330 5.662E-04
 49340 5.922E-04
 49350 6.716E-04
 49360 7.456E-04
 49370 7.901E-04
 49380 8.243E-04
 49390 8.341E-04
 49400 8.039E-04
 49410 7.638E-04
 49420 7.413E-04
 49430 7.340E-04
 49440 7.362E-04
 49450 7.532E-04
 49460 7.823E-04
 49470 8.071E-04
 49480 8.185E-04
 49490 8.239E-04
 49500 8.369E-04
 49510 8.779E-04
 49520 8.911E-04
 49530 8.782E-04
 49540 8.487E-04
 49550 8.202E-04
 49560 7.972E-04
 49570 7.781E-04
 49580 7.655E-04
 49590 7.617E-04
 49600 7.643E-04
 49610 7.704E-04
 49620 7.810E-04
 49630 7.985E-04
 49640 8.188E-04
 49650 8.243E-04
 49660 8.031E-04
 49670 7.687E-04
 49680 7.365E-04
 49690 7.086E-04
 49700 6.980E-04
 49710 7.225E-04
 49720 7.628E-04
 49730 7.764E-04
 49740 7.606E-04
 49750 7.446E-04
 49760 7.355E-04
 49770 7.292E-04
 49780 7.282E-04
 49790 7.313E-04
 49800 7.403E-04
 49810 7.592E-04
 49820 7.780E-04
 49830 7.835E-04
 49840 7.685E-04
 49850 7.380E-04
 49860 7.117E-04
 49870 7.053E-04
 49880 7.165E-04
 49890 7.292E-04
 49900 7.371E-04
 49910 7.435E-04
 49920 7.396E-04
 49930 7.245E-04
 49940 7.049E-04
 49950 6.850E-04
 49960 6.753E-04
 49970 6.781E-04
 49980 6.801E-04
 49990 6.758E-04
 50000 6.839E-04
 50010 6.945E-04
 50020 6.943E-04
 50030 6.742E-04
 50040 6.544E-04
 50050 6.560E-04
 50060 6.752E-04
 50070 6.923E-04
 50080 6.966E-04
 50090 6.950E-04
 50100 6.933E-04
 50110 6.916E-04
 50120 6.990E-04
 50130 7.227E-04
 50140 7.476E-04
 50150 7.512E-04
 50160 7.331E-04
 50170 7.115E-04
 50180 6.929E-04
 50190 6.630E-04
 50200 6.222E-04
 50210 5.959E-04
 50220 5.939E-04
 50230 6.003E-04
 50240 5.977E-04
 50250 5.814E-04
 50260 5.605E-04
 50270 5.475E-04
 50280 5.483E-04
 50290 5.614E-04
 50300 5.729E-04
 50310 5.668E-04
 50320 5.508E-04
 50330 5.443E-04
 50340 5.509E-04
 50350 5.718E-04
 50360 6.073E-04
 50370 6.354E-04
 50380 6.371E-04
 50390 6.245E-04
 50400 6.151E-04
 50410 6.095E-04
 50420 6.070E-04
 50430 6.248E-04
 50440 6.616E-04
 50450 6.814E-04
 50460 6.708E-04
 50470 6.462E-04
 50480 6.210E-04
 50490 6.042E-04
 50500 5.725E-04
 50510 5.735E-04
 50520 5.738E-04
 50530 5.787E-04
 50540 5.900E-04
 50550 5.922E-04
 50560 5.769E-04
 50570 5.622E-04
 50580 5.656E-04
 50590 5.785E-04
 50600 5.863E-04
 50610 5.859E-04
 50620 5.806E-04
 50630 5.754E-04
 50640 5.733E-04
 50650 5.754E-04
 50660 5.846E-04
 50670 5.969E-04
 50680 6.010E-04
 50690 5.959E-04
 50700 5.922E-04
 50710 5.961E-04
 50720 5.990E-04
 50730 5.941E-04
 50740 5.972E-04
 50750 6.180E-04
 50760 6.411E-04
 50770 6.547E-04
 50780 6.604E-04
 50790 6.595E-04
 50800 6.540E-04
 50810 6.491E-04
 50820 6.469E-04
 50830 6.454E-04
 50840 6.426E-04
 50850 6.385E-04
 50860 6.337E-04
 50870 6.265E-04
 50880 6.161E-04
 50890 5.984E-04
 50900 5.684E-04
 50910 5.354E-04
 50920 5.144E-04
 50930 5.068E-04
 50940 5.034E-04
 50950 4.987E-04
 50960 4.921E-04
 50970 4.863E-04
 50980 4.903E-04
 50990 5.090E-04
 51000 5.315E-04
 51010 5.490E-04
 51020 5.621E-04
 51030 5.665E-04
 51040 5.585E-04
 51050 5.392E-04
 51060 5.166E-04
 51070 5.077E-04
 51080 5.205E-04
 51090 5.374E-04
 51100 5.365E-04
 51110 5.200E-04
 51120 5.030E-04
 51130 4.965E-04
 51140 5.041E-04
 51150 5.225E-04
 51160 5.409E-04
 51170 5.446E-04
 51180 5.229E-04
 51190 4.861E-04
 51200 4.563E-04
 51210 4.416E-04
 51220 4.444E-04
 51230 4.611E-04
 51240 4.800E-04
 51250 4.942E-04
 51260 5.010E-04
 51270 5.080E-04
 51280 5.287E-04
 51290 5.569E-04
 51300 5.749E-04
 51310 5.812E-04
 51320 5.834E-04
 51330 5.740E-04
 51340 5.427E-04
 51350 5.040E-04
 51360 4.815E-04
 51370 4.780E-04
 51380 4.858E-04
 51390 4.994E-04
 51400 5.086E-04
 51410 5.077E-04
 51420 5.082E-04
 51430 5.189E-04
 51440 5.368E-04
 51450 5.544E-04
 51460 5.611E-04
 51470 5.570E-04
 51480 5.522E-04
 51490 5.415E-04
 51500 5.491E-04
 51510 5.120E-04
 51520 4.873E-04
 51530 4.776E-04
 51540 4.740E-04
 51550 4.700E-04
 51560 4.605E-04
 51570 4.408E-04
 51580 4.112E-04
 51590 3.794E-04
 51600 3.492E-04
 51610 3.138E-04
 51620 2.767E-04
 51630 2.579E-04
 51640 2.611E-04
 51650 2.675E-04
 51660 2.736E-04
 51670 2.890E-04
 51680 3.071E-04
 51690 3.129E-04
 51700 3.106E-04
 51710 3.103E-04
 51720 3.063E-04
 51730 2.904E-04
 51740 2.741E-04
 51750 2.703E-04
 51760 2.733E-04
 51770 2.775E-04
 51780 2.928E-04
 51790 3.212E-04
 51800 3.532E-04
 51810 3.830E-04
 51820 4.074E-04
 51830 4.252E-04
 51840 4.359E-04
 51850 4.374E-04
 51860 4.313E-04
 51870 4.236E-04
 51880 4.180E-04
 51890 4.172E-04
 51900 4.241E-04
 51910 4.318E-04
 51920 4.297E-04
 51930 4.202E-04
 51940 4.159E-04
 51950 4.186E-04
 51960 4.245E-04
 51970 4.344E-04
 51980 4.433E-04
 51990 4.426E-04
 52000 3.995E-04
 52010 4.024E-04
 52020 4.173E-04
 52030 4.322E-04
 52040 4.348E-04
 52050 4.252E-04
 52060 4.114E-04
 52070 3.986E-04
 52080 3.867E-04
 52090 3.753E-04
 52100 3.650E-04
 52110 3.580E-04
 52120 3.563E-04
 52130 3.601E-04
 52140 3.687E-04
 52150 3.799E-04
 52160 3.882E-04
 52170 3.929E-04
 52180 4.024E-04
 52190 4.134E-04
 52200 4.102E-04
 52210 3.942E-04
 52220 3.778E-04
 52230 3.654E-04
 52240 3.576E-04
 52250 3.526E-04
 52260 3.485E-04
 52270 3.477E-04
 52280 3.501E-04
 52290 3.484E-04
 52300 3.391E-04
 52310 3.292E-04
 52320 3.240E-04
 52330 3.201E-04
 52340 3.242E-04
 52350 3.483E-04
 52360 3.779E-04
 52370 3.914E-04
 52380 3.886E-04
 52390 3.770E-04
 52400 3.614E-04
 52410 3.488E-04
 52420 3.428E-04
 52430 3.387E-04
 52440 3.317E-04
 52450 3.236E-04
 52460 3.197E-04
 52470 3.237E-04
 52480 3.306E-04
 52490 3.346E-04
 52500 3.396E-04
 52510 3.640E-04
 52520 3.640E-04
 52530 3.538E-04
 52540 3.404E-04
 52550 3.306E-04
 52560 3.211E-04
 52570 3.078E-04
 52580 2.975E-04
 52590 2.999E-04
 52600 3.124E-04
 52610 3.224E-04
 52620 3.217E-04
 52630 3.102E-04
 52640 2.935E-04
 52650 2.800E-04
 52660 2.757E-04
 52670 2.801E-04
 52680 2.901E-04
 52690 3.052E-04
 52700 3.230E-04
 52710 3.363E-04
 52720 3.405E-04
 52730 3.393E-04
 52740 3.386E-04
 52750 3.424E-04
 52760 3.513E-04
 52770 3.557E-04
 52780 3.485E-04
 52790 3.361E-04
 52800 3.230E-04
 52810 3.209E-04
 52820 3.457E-04
 52830 3.774E-04
 52840 3.871E-04
 52850 3.774E-04
 52860 3.608E-04
 52870 3.436E-04
 52880 3.308E-04
 52890 3.256E-04
 52900 3.268E-04
 52910 3.297E-04
 52920 3.285E-04
 52930 3.198E-04
 52940 3.079E-04
 52950 3.013E-04
 52960 3.026E-04
 52970 3.085E-04
 52980 3.124E-04
 52990 3.111E-04
 53000 3.074E-04
 53010 3.108E-04
 53020 3.115E-04
 53030 3.098E-04
 53040 3.071E-04
 53050 3.098E-04
 53060 3.173E-04
 53070 3.202E-04
 53080 3.190E-04
 53090 3.196E-04
 53100 3.161E-04
 53110 2.998E-04
 53120 2.773E-04
 53130 2.625E-04
 53140 2.585E-04
 53150 2.592E-04
 53160 2.607E-04
 53170 2.625E-04
 53180 2.634E-04
 53190 2.636E-04
 53200 2.650E-04
 53210 2.683E-04
 53220 2.721E-04
 53230 2.762E-04
 53240 2.799E-04
 53250 2.817E-04
 53260 2.817E-04
 53270 2.819E-04
 53280 2.827E-04
 53290 2.842E-04
 53300 2.849E-04
 53310 2.835E-04
 53320 2.835E-04
 53330 2.883E-04
 53340 2.941E-04
 53350 2.946E-04
 53360 2.887E-04
 53370 2.811E-04
 53380 2.780E-04
 53390 2.826E-04
 53400 2.924E-04
 53410 3.029E-04
 53420 3.102E-04
 53430 3.101E-04
 53440 3.026E-04
 53450 2.957E-04
 53460 2.943E-04
 53470 2.941E-04
 53480 2.936E-04
 53490 2.939E-04
 53500 2.853E-04
 53510 2.861E-04
 53520 2.872E-04
 53530 2.836E-04
 53540 2.732E-04
 53550 2.613E-04
 53560 2.495E-04
 53570 2.334E-04
 53580 2.159E-04
 53590 2.061E-04
 53600 2.053E-04
 53610 2.074E-04
 53620 2.107E-04
 53630 2.161E-04
 53640 2.212E-04
 53650 2.265E-04
 53660 2.320E-04
 53670 2.327E-04
 53680 2.269E-04
 53690 2.194E-04
 53700 2.141E-04
 53710 2.099E-04
 53720 2.068E-04
 53730 2.058E-04
 53740 2.053E-04
 53750 2.020E-04
 53760 1.971E-04
 53770 1.950E-04
 53780 1.975E-04
 53790 2.009E-04
 53800 2.023E-04
 53810 2.018E-04
 53820 2.020E-04
 53830 2.064E-04
 53840 2.173E-04
 53850 2.313E-04
 53860 2.405E-04
 53870 2.419E-04
 53880 2.415E-04
 53890 2.445E-04
 53900 2.472E-04
 53910 2.442E-04
 53920 2.323E-04
 53930 2.114E-04
 53940 1.900E-04
 53950 1.737E-04
 53960 1.601E-04
 53970 1.500E-04
 53980 1.456E-04
 53990 1.429E-04
 54000 1.385E-04
 54010 1.433E-04
 54020 1.451E-04
 54030 1.628E-04
 54040 1.888E-04
 54050 2.025E-04
 54060 1.951E-04
 54070 1.753E-04
 54080 1.546E-04
 54090 1.387E-04
 54100 1.291E-04
 54110 1.285E-04
 54120 1.383E-04
 54130 1.524E-04
 54140 1.626E-04
 54150 1.656E-04
 54160 1.649E-04
 54170 1.662E-04
 54180 1.731E-04
 54190 1.836E-04
 54200 1.913E-04
 54210 1.922E-04
 54220 1.907E-04
 54230 1.920E-04
 54240 1.946E-04
 54250 1.943E-04
 54260 1.882E-04
 54270 1.767E-04
 54280 1.631E-04
 54290 1.539E-04
 54300 1.563E-04
 54310 1.696E-04
 54320 1.851E-04
 54330 1.988E-04
 54340 2.149E-04
 54350 2.308E-04
 54360 2.366E-04
 54370 2.304E-04
 54380 2.209E-04
 54390 2.159E-04
 54400 2.150E-04
 54410 2.135E-04
 54420 2.086E-04
 54430 2.026E-04
 54440 2.011E-04
 54450 2.070E-04
 54460 2.168E-04
 54470 2.251E-04
 54480 2.292E-04
 54490 2.288E-04
 54500 2.236E-04
 54510 2.252E-04
 54520 2.170E-04
 54530 2.127E-04
 54540 2.133E-04
 54550 2.161E-04
 54560 2.166E-04
 54570 2.133E-04
 54580 2.079E-04
 54590 2.018E-04
 54600 1.962E-04
 54610 1.930E-04
 54620 1.931E-04
 54630 1.963E-04
 54640 2.007E-04
 54650 2.025E-04
 54660 1.997E-04
 54670 1.938E-04
 54680 1.879E-04
 54690 1.850E-04
 54700 1.863E-04
 54710 1.905E-04
 54720 1.939E-04
 54730 1.947E-04
 54740 1.950E-04
 54750 1.983E-04
 54760 2.056E-04
 54770 2.149E-04
 54780 2.241E-04
 54790 2.323E-04
 54800 2.390E-04
 54810 2.410E-04
 54820 2.370E-04
 54830 2.292E-04
 54840 2.193E-04
 54850 2.086E-04
 54860 2.010E-04
 54870 1.986E-04
 54880 1.974E-04
 54890 1.921E-04
 54900 1.820E-04
 54910 1.728E-04
 54920 1.708E-04
 54930 1.777E-04
 54940 1.879E-04
 54950 1.937E-04
 54960 1.969E-04
 54970 2.073E-04
 54980 2.364E-04
 54990 2.967E-04
 55000 3.792E-04
 55010 4.540E-04
 55020 4.565E-04
 55030 4.050E-04
 55040 3.243E-04
 55050 2.442E-04
 55060 1.895E-04
 55070 1.677E-04
 55080 1.647E-04
 55090 1.622E-04
 55100 1.565E-04
 55110 1.539E-04
 55120 1.571E-04
 55130 1.631E-04
 55140 1.687E-04
 55150 1.723E-04
 55160 1.730E-04
 55170 1.721E-04
 55180 1.724E-04
 55190 1.751E-04
 55200 1.791E-04
 55210 1.823E-04
 55220 1.812E-04
 55230 1.749E-04
 55240 1.698E-04
 55250 1.768E-04
 55260 2.007E-04
 55270 2.346E-04
 55280 2.663E-04
 55290 2.831E-04
 55300 2.754E-04
 55310 2.419E-04
 55320 1.980E-04
 55330 1.677E-04
 55340 1.606E-04
 55350 1.672E-04
 55360 1.750E-04
 55370 1.791E-04
 55380 1.798E-04
 55390 1.781E-04
 55400 1.743E-04
 55410 1.698E-04
 55420 1.668E-04
 55430 1.664E-04
 55440 1.676E-04
 55450 1.678E-04
 55460 1.672E-04
 55470 1.678E-04
 55480 1.691E-04
 55490 1.690E-04
 55500 1.680E-04
 55510 1.832E-04
 55520 1.808E-04
 55530 1.773E-04
 55540 1.738E-04
 55550 1.710E-04
 55560 1.691E-04
 55570 1.678E-04
 55580 1.668E-04
 55590 1.659E-04
 55600 1.652E-04
 55610 1.643E-04
 55620 1.628E-04
 55630 1.603E-04
 55640 1.570E-04
 55650 1.544E-04
 55660 1.543E-04
 55670 1.566E-04
 55680 1.581E-04
 55690 1.560E-04
 55700 1.511E-04
 55710 1.459E-04
 55720 1.416E-04
 55730 1.382E-04
 55740 1.363E-04
 55750 1.368E-04
 55760 1.401E-04
 55770 1.449E-04
 55780 1.509E-04
 55790 1.598E-04
 55800 1.708E-04
 55810 1.794E-04
 55820 1.834E-04
 55830 1.844E-04
 55840 1.831E-04
 55850 1.805E-04
 55860 1.791E-04
 55870 1.802E-04
 55880 1.805E-04
 55890 1.765E-04
 55900 1.696E-04
 55910 1.642E-04
 55920 1.615E-04
 55930 1.605E-04
 55940 1.598E-04
 55950 1.594E-04
 55960 1.601E-04
 55970 1.626E-04
 55980 1.655E-04
 55990 1.658E-04
 56000 1.631E-04
 56010 1.589E-04
 56020 1.576E-04
 56030 1.581E-04
 56040 1.588E-04
 56050 1.590E-04
 56060 1.584E-04
 56070 1.561E-04
 56080 1.515E-04
 56090 1.458E-04
 56100 1.416E-04
 56110 1.419E-04
 56120 1.476E-04
 56130 1.564E-04
 56140 1.641E-04
 56150 1.677E-04
 56160 1.667E-04
 56170 1.629E-04
 56180 1.603E-04
 56190 1.608E-04
 56200 1.606E-04
 56210 1.558E-04
 56220 1.468E-04
 56230 1.381E-04
 56240 1.324E-04
 56250 1.293E-04
 56260 1.277E-04
 56270 1.267E-04
 56280 1.243E-04
 56290 1.199E-04
 56300 1.147E-04
 56310 1.109E-04
 56320 1.110E-04
 56330 1.168E-04
 56340 1.282E-04
 56350 1.426E-04
