#Name	Type	group ID	MW	Precursor	coll_fac	mole_diam	surf_tens	accomod	mass_dens	non-volatile	partitioning	smiles	psat_torr	dHvap	Henry	Tref	irr_name	 kirreversible
PMD	1	5	28.0	--	1.000D10	1.000D10	0.D0	1.0	2.33D-06	0	--	-	0.	0.	0.	0.	--	0.
PBC	2	4	12.0	--	1.000D10	1.000D10	0.D0	1.0	2.25D-06	0	--	-	0.	0.	0.	0.	--	0.
PNA	3	1	23.0	--	1.000D10	1.000D10	0.D0	1.0	0.97D-06	0	--	-	0.	0.	0.	0.	--	0.
PSO4	3	1	98.0	SULF	77.3d0	5.5d0	80.D-03	1.0	1.84D-06	1	--	-	0.	0.	0.	0.	--	0.
PNH4	3	1	17.0	NH3	558.3d0	2.9d0	80.D-03	1.0	0.91D-06	0	--	-	0.	0.	0.	0.	--	0.
PNO3	3	1	63.0	HNO3	475.9d0	3.3d0	80.D-03	1.0	1.50D-06	0	--	-	0.	0.	0.	0.	--	0.
PHCL	3	1	36.5	HCL	344.7d0	3.339d0	80.D-03	1.0	1.15D-06	0	--	-	0.	0.	0.	0.	--	0.
PBiMT	4	2	136.0	BiMT	687.d0	8.39d0	30.D-03	1.0	1.30D-06	0	HPHI	-	0.	0.	0.	0.	--	0.
PSOAlP	4	3	280.0	SOAlP	687.d0	8.39d0	30.D-03	1.0	1.30D-06	0	HPHO	-	0.	0.	0.	0.	--	0.
PBCARY	4	2	204.35	BCARY	6.87E+02	8.39E+00	3.00E-02	1.00E+00	1.30E-06	0	BOTH	-	2.39E-03	7.44E+01	0.	0.	--	0.
PBCALBOC	4	2	252.35	BCALBOC	6.87E+02	8.39E+00	3.00E-02	1.00E+00	1.30E-06	0	BOTH	-	2.02E-05	9.29E+01	0.	0.	--	0.
PC141CO2H	4	2	252.35	C141CO2H	6.87E+02	8.39E+00	3.00E-02	1.00E+00	1.30E-06	0	BOTH	-	3.75E-08	1.14E+02	0.	0.	--	0.
PNBCOOH	4	2	299.36	NBCOOH	6.87E+02	8.39E+00	3.00E-02	1.00E+00	1.30E-06	0	BOTH	-	3.07E-09	1.19E+02	0.	0.	--	0.
PBCAL	4	2	236.35	BCAL	6.87E+02	8.39E+00	3.00E-02	1.00E+00	1.30E-06	0	BOTH	-	3.03E-05	9.11E+01	0.	0.	--	0.
PBCBNO3	4	2	283.36	BCBNO3	6.87E+02	8.39E+00	3.00E-02	1.00E+00	1.30E-06	0	BOTH	-	2.66E-08	1.12E+02	0.	0.	--	0.
PBCSOZ	4	2	252.35	BCSOZ	6.87E+02	8.39E+00	3.00E-02	1.00E+00	1.30E-06	0	BOTH	-	2.16E-04	8.24E+01	0.	0.	--	0.
PBCAOOH	4	2	254.37	BCAOOH	6.87E+02	8.39E+00	3.00E-02	1.00E+00	1.30E-06	0	BOTH	-	5.21E-09	1.18E+02	0.	0.	--	0.
PBCANO3	4	2	283.36	BCANO3	6.87E+02	8.39E+00	3.00E-02	1.00E+00	1.30E-06	0	BOTH	-	2.66E-08	1.12E+02	0.	0.	--	0.
PBCAOH	4	2	238.37	BCAOH	6.87E+02	8.39E+00	3.00E-02	1.00E+00	1.30E-06	0	BOTH	-	4.43E-08	1.11E+02	0.	0.	--	0.
PBCBOOH	4	2	254.37	BCBOOH	6.87E+02	8.39E+00	3.00E-02	1.00E+00	1.30E-06	0	BOTH	-	5.21E-09	1.18E+02	0.	0.	--	0.
PBCBCO	4	2	236.35	BCBCO	6.87E+02	8.39E+00	3.00E-02	1.00E+00	1.30E-06	0	BOTH	-	2.19E-07	1.05E+02	0.	0.	--	0.
PBCCOOH	4	2	254.37	BCCOOH	6.87E+02	8.39E+00	3.00E-02	1.00E+00	1.30E-06	0	BOTH	-	2.25E-09	1.21E+02	0.	0.	--	0.
PBCCNO3	4	2	283.36	BCCNO3	6.87E+02	8.39E+00	3.00E-02	1.00E+00	1.30E-06	0	BOTH	-	1.33E-08	1.14E+02	0.	0.	--	0.
PBCKET	4	2	206.32	BCKET	6.87E+02	8.39E+00	3.00E-02	1.00E+00	1.30E-06	0	BOTH	-	2.10E-04	8.24E+01	0.	0.	--	0.
PHCHO	4	2	30.03	HCHO	6.87E+02	8.39E+00	3.00E-02	1.00E+00	1.30E-06	0	BOTH	-	1.89E+03	2.04E+01	0.	0.	--	0.
PBCCOH	4	2	238.37	BCCOH	6.87E+02	8.39E+00	3.00E-02	1.00E+00	1.30E-06	0	BOTH	-	2.21E-08	1.13E+02	0.	0.	--	0.
PBCLKET	4	2	238.32	BCLKET	6.87E+02	8.39E+00	3.00E-02	1.00E+00	1.30E-06	0	BOTH	-	4.13E-06	9.76E+01	0.	0.	--	0.
PBCKSOZ	4	2	254.32	BCKSOZ	6.87E+02	8.39E+00	3.00E-02	1.00E+00	1.30E-06	0	BOTH	-	1.79E-05	9.04E+01	0.	0.	--	0.
PC131CO2H	4	2	254.32	C131CO2H	6.87E+02	8.39E+00	3.00E-02	1.00E+00	1.30E-06	0	BOTH	-	4.39E-09	1.20E+02	0.	0.	--	0.
PBCALAOOH	4	2	268.35	BCALAOOH	6.87E+02	8.39E+00	3.00E-02	1.00E+00	1.30E-06	0	BOTH	-	4.84E-09	1.20E+02	0.	0.	--	0.
PC126CHO	4	2	208.30	C126CHO	6.87E+02	8.39E+00	3.00E-02	1.00E+00	1.30E-06	0	BOTH	-	6.16E-04	8.06E+01	0.	0.	--	0.
PBCALACO	4	2	250.33	BCALACO	6.87E+02	8.39E+00	3.00E-02	1.00E+00	1.30E-06	0	BOTH	-	1.45E-06	1.01E+02	0.	0.	--	0.
PBCALAOH	4	2	252.35	BCALAOH	6.87E+02	8.39E+00	3.00E-02	1.00E+00	1.30E-06	0	BOTH	-	5.15E-08	1.13E+02	0.	0.	--	0.
PBCALBOOH	4	2	268.35	BCALBOOH	6.87E+02	8.39E+00	3.00E-02	1.00E+00	1.30E-06	0	BOTH	-	3.71E-09	1.22E+02	0.	0.	--	0.
PBCALBCO	4	2	250.33	BCALBCO	6.87E+02	8.39E+00	3.00E-02	1.00E+00	1.30E-06	0	BOTH	-	1.63E-06	1.01E+02	0.	0.	--	0.
PBCALBOH	4	2	252.35	BCALBOH	6.87E+02	8.39E+00	3.00E-02	1.00E+00	1.30E-06	0	BOTH	-	4.04E-08	1.14E+02	0.	0.	--	0.
PBCLKBOC	4	2	254.32	BCLKBOC	6.87E+02	8.39E+00	3.00E-02	1.00E+00	1.30E-06	0	BOTH	-	2.68E-06	9.95E+01	0.	0.	--	0.
PC136OOH	4	2	226.31	C136OOH	6.87E+02	8.39E+00	3.00E-02	1.00E+00	1.30E-06	0	BOTH	-	2.18E-06	1.01E+02	0.	0.	--	0.
PC136NO3	4	2	255.31	C136NO3	6.87E+02	8.39E+00	3.00E-02	1.00E+00	1.30E-06	0	BOTH	-	1.67E-05	9.28E+01	0.	0.	--	0.
PC136OH	4	2	210.31	C136OH	6.87E+02	8.39E+00	3.00E-02	1.00E+00	1.30E-06	0	BOTH	-	1.99E-05	9.35E+01	0.	0.	--	0.
PCH3OOH	4	2	48.04	CH3OOH	6.87E+02	8.39E+00	3.00E-02	1.00E+00	1.30E-06	0	BOTH	-	5.84E+01	4.47E+01	0.	0.	--	0.
PCH3NO3	4	2	77.04	CH3NO3	6.87E+02	8.39E+00	3.00E-02	1.00E+00	1.30E-06	0	BOTH	-	2.02E+02	3.17E+01	0.	0.	--	0.
PCH3O2NO2	4	2	93.04	CH3O2NO2	6.87E+02	8.39E+00	3.00E-02	1.00E+00	1.30E-06	0	BOTH	-	8.15E+01	3.59E+01	0.	0.	--	0.
PCH3OH	4	2	32.04	CH3OH	6.87E+02	8.39E+00	3.00E-02	1.00E+00	1.30E-06	0	BOTH	-	3.11E+02	4.22E+01	0.	0.	--	0.
PBCALCOOH	4	2	268.35	BCALCOOH	6.87E+02	8.39E+00	3.00E-02	1.00E+00	1.30E-06	0	BOTH	-	4.84E-09	1.20E+02	0.	0.	--	0.
PC141CO	4	2	222.32	C141CO	6.87E+02	8.39E+00	3.00E-02	1.00E+00	1.30E-06	0	BOTH	-	1.29E-04	8.59E+01	0.	0.	--	0.
PBCALCCO	4	2	250.33	BCALCCO	6.87E+02	8.39E+00	3.00E-02	1.00E+00	1.30E-06	0	BOTH	-	1.45E-06	1.01E+02	0.	0.	--	0.
PBCALCOH	4	2	252.35	BCALCOH	6.87E+02	8.39E+00	3.00E-02	1.00E+00	1.30E-06	0	BOTH	-	5.15E-08	1.13E+02	0.	0.	--	0.
PC141OOH	4	2	240.34	C141OOH	6.87E+02	8.39E+00	3.00E-02	1.00E+00	1.30E-06	0	BOTH	-	4.12E-07	1.06E+02	0.	0.	--	0.
PC141NO3	4	2	269.34	C141NO3	6.87E+02	8.39E+00	3.00E-02	1.00E+00	1.30E-06	0	BOTH	-	3.29E-06	9.81E+01	0.	0.	--	0.
PC141OH	4	2	224.34	C141OH	6.87E+02	8.39E+00	3.00E-02	1.00E+00	1.30E-06	0	BOTH	-	3.92E-06	9.87E+01	0.	0.	--	0.
PC141CO3H	4	2	268.35	C141CO3H	6.87E+02	8.39E+00	3.00E-02	1.00E+00	1.30E-06	0	BOTH	-	1.26E-07	1.10E+02	0.	0.	--	0.
PC141PAN	4	2	313.35	C141PAN	6.87E+02	8.39E+00	3.00E-02	1.00E+00	1.30E-06	0	BOTH	-	2.60E-07	1.06E+02	0.	0.	--	0.
PNBCALOOH	4	2	331.36	NBCALOOH	6.87E+02	8.39E+00	3.00E-02	1.00E+00	1.30E-06	0	BOTH	-	2.80E-12	1.44E+02	0.	0.	--	0.
PNBCALOH	4	2	315.36	NBCALOH	6.87E+02	8.39E+00	3.00E-02	1.00E+00	1.30E-06	0	BOTH	-	3.59E-11	1.36E+02	0.	0.	--	0.
PBCALOOH	4	2	286.36	BCALOOH	6.87E+02	8.39E+00	3.00E-02	1.00E+00	1.30E-06	0	BOTH	-	5.33E-12	1.43E+02	0.	0.	--	0.
PBCALNO3	4	2	315.36	BCALNO3	6.87E+02	8.39E+00	3.00E-02	1.00E+00	1.30E-06	0	BOTH	-	3.59E-11	1.36E+02	0.	0.	--	0.
PBCALOH	4	2	270.36	BCALOH	6.87E+02	8.39E+00	3.00E-02	1.00E+00	1.30E-06	0	BOTH	-	6.64E-11	1.34E+02	0.	0.	--	0.
PBCSOZOOH	4	2	302.36	BCSOZOOH	6.87E+02	8.39E+00	3.00E-02	1.00E+00	1.30E-06	0	BOTH	-	1.54E-10	1.29E+02	0.	0.	--	0.
PBCSOZNO3	4	2	331.36	BCSOZNO3	6.87E+02	8.39E+00	3.00E-02	1.00E+00	1.30E-06	0	BOTH	-	8.94E-10	1.23E+02	0.	0.	--	0.
PBCSOZOH	4	2	286.36	BCSOZOH	6.87E+02	8.39E+00	3.00E-02	1.00E+00	1.30E-06	0	BOTH	-	1.63E-09	1.21E+02	0.	0.	--	0.
PC151OOH	4	2	302.36	C151OOH	6.87E+02	8.39E+00	3.00E-02	1.00E+00	1.30E-06	0	BOTH	-	5.64E-15	1.63E+02	0.	0.	--	0.
PC151NO3	4	2	331.36	C151NO3	6.87E+02	8.39E+00	3.00E-02	1.00E+00	1.30E-06	0	BOTH	-	4.14E-14	1.56E+02	0.	0.	--	0.
PC151OH	4	2	286.36	C151OH	6.87E+02	8.39E+00	3.00E-02	1.00E+00	1.30E-06	0	BOTH	-	7.88E-14	1.55E+02	0.	0.	--	0.
PC152OOH	4	2	302.36	C152OOH	6.87E+02	8.39E+00	3.00E-02	1.00E+00	1.30E-06	0	BOTH	-	3.19E-12	1.45E+02	0.	0.	--	0.
PC152NO3	4	2	331.36	C152NO3	6.87E+02	8.39E+00	3.00E-02	1.00E+00	1.30E-06	0	BOTH	-	2.12E-11	1.38E+02	0.	0.	--	0.
PC152OH	4	2	286.36	C152OH	6.87E+02	8.39E+00	3.00E-02	1.00E+00	1.30E-06	0	BOTH	-	4.12E-11	1.36E+02	0.	0.	--	0.
PC116CHO	4	2	210.27	C116CHO	6.87E+02	8.39E+00	3.00E-02	1.00E+00	1.30E-06	0	BOTH	-	9.02E-05	8.71E+01	0.	0.	--	0.
PC131CO	4	2	224.30	C131CO	6.87E+02	8.39E+00	3.00E-02	1.00E+00	1.30E-06	0	BOTH	-	1.83E-05	9.23E+01	0.	0.	--	0.
PC146OOH	4	2	270.32	C146OOH	6.87E+02	8.39E+00	3.00E-02	1.00E+00	1.30E-06	0	BOTH	-	5.44E-10	1.27E+02	0.	0.	--	0.
PHCOCH2CHO	4	2	72.06	HCOCH2CHO	6.87E+02	8.39E+00	3.00E-02	1.00E+00	1.30E-06	0	BOTH	-	5.59E+01	3.74E+01	0.	0.	--	0.
PC146CO	4	2	252.31	C146CO	6.87E+02	8.39E+00	3.00E-02	1.00E+00	1.30E-06	0	BOTH	-	1.90E-07	1.07E+02	0.	0.	--	0.
PC146OH	4	2	254.32	C146OH	6.87E+02	8.39E+00	3.00E-02	1.00E+00	1.30E-06	0	BOTH	-	6.05E-09	1.19E+02	0.	0.	--	0.
PC131CO3H	4	2	270.32	C131CO3H	6.87E+02	8.39E+00	3.00E-02	1.00E+00	1.30E-06	0	BOTH	-	1.47E-08	1.17E+02	0.	0.	--	0.
PC131PAN	4	2	315.32	C131PAN	6.87E+02	8.39E+00	3.00E-02	1.00E+00	1.30E-06	0	BOTH	-	3.34E-08	1.13E+02	0.	0.	--	0.
PBCLKAOOH	4	2	270.32	BCLKAOOH	6.87E+02	8.39E+00	3.00E-02	1.00E+00	1.30E-06	0	BOTH	-	5.44E-10	1.27E+02	0.	0.	--	0.
PBCLKACO	4	2	252.31	BCLKACO	6.87E+02	8.39E+00	3.00E-02	1.00E+00	1.30E-06	0	BOTH	-	1.90E-07	1.07E+02	0.	0.	--	0.
PBCLKAOH	4	2	254.32	BCLKAOH	6.87E+02	8.39E+00	3.00E-02	1.00E+00	1.30E-06	0	BOTH	-	6.05E-09	1.19E+02	0.	0.	--	0.
PBCLKBOOH	4	2	270.32	BCLKBOOH	6.87E+02	8.39E+00	3.00E-02	1.00E+00	1.30E-06	0	BOTH	-	4.07E-10	1.29E+02	0.	0.	--	0.
PBCLKBCO	4	2	252.31	BCLKBCO	6.87E+02	8.39E+00	3.00E-02	1.00E+00	1.30E-06	0	BOTH	-	2.11E-07	1.07E+02	0.	0.	--	0.
PBCLKBOH	4	2	254.32	BCLKBOH	6.87E+02	8.39E+00	3.00E-02	1.00E+00	1.30E-06	0	BOTH	-	4.64E-09	1.21E+02	0.	0.	--	0.
PBCLKCOOH	4	2	270.32	BCLKCOOH	6.87E+02	8.39E+00	3.00E-02	1.00E+00	1.30E-06	0	BOTH	-	5.44E-10	1.27E+02	0.	0.	--	0.
PBCLKCCO	4	2	252.31	BCLKCCO	6.87E+02	8.39E+00	3.00E-02	1.00E+00	1.30E-06	0	BOTH	-	1.90E-07	1.07E+02	0.	0.	--	0.
PBCLKCOH	4	2	254.32	BCLKCOH	6.87E+02	8.39E+00	3.00E-02	1.00E+00	1.30E-06	0	BOTH	-	6.05E-09	1.19E+02	0.	0.	--	0.
PC131OOH	4	2	242.31	C131OOH	6.87E+02	8.39E+00	3.00E-02	1.00E+00	1.30E-06	0	BOTH	-	4.90E-08	1.13E+02	0.	0.	--	0.
PC131NO3	4	2	271.31	C131NO3	6.87E+02	8.39E+00	3.00E-02	1.00E+00	1.30E-06	0	BOTH	-	4.37E-07	1.05E+02	0.	0.	--	0.
PC131OH	4	2	226.31	C131OH	6.87E+02	8.39E+00	3.00E-02	1.00E+00	1.30E-06	0	BOTH	-	4.88E-07	1.05E+02	0.	0.	--	0.
PHCOOH	4	2	46.03	HCOOH	6.87E+02	8.39E+00	3.00E-02	1.00E+00	1.30E-06	0	BOTH	-	2.23E+01	4.88E+01	0.	0.	--	0.
PC147OOH	4	2	286.32	C147OOH	6.87E+02	8.39E+00	3.00E-02	1.00E+00	1.30E-06	0	BOTH	-	6.60E-13	1.48E+02	0.	0.	--	0.
PHCOCH2CO2H	4	2	88.06	HCOCH2CO2H	6.87E+02	8.39E+00	3.00E-02	1.00E+00	1.30E-06	0	BOTH	-	2.38E-01	6.22E+01	0.	0.	--	0.
PC147CO	4	2	268.31	C147CO	6.87E+02	8.39E+00	3.00E-02	1.00E+00	1.30E-06	0	BOTH	-	1.76E-10	1.30E+02	0.	0.	--	0.
PC147OH	4	2	270.32	C147OH	6.87E+02	8.39E+00	3.00E-02	1.00E+00	1.30E-06	0	BOTH	-	8.28E-12	1.40E+02	0.	0.	--	0.
PCH3CO2H	4	2	60.05	CH3CO2H	6.87E+02	8.39E+00	3.00E-02	1.00E+00	1.30E-06	0	BOTH	-	7.97E+00	5.09E+01	0.	0.	--	0.
PCH3CO3H	4	2	76.05	CH3CO3H	6.87E+02	8.39E+00	3.00E-02	1.00E+00	1.30E-06	0	BOTH	-	2.86E+01	4.48E+01	0.	0.	--	0.
PPAN	4	2	121.05	PAN	6.87E+02	8.39E+00	3.00E-02	1.00E+00	1.30E-06	0	BOTH	-	3.37E+01	3.98E+01	0.	0.	--	0.
PC126CO2H	4	2	224.30	C126CO2H	6.87E+02	8.39E+00	3.00E-02	1.00E+00	1.30E-06	0	BOTH	-	9.30E-07	1.03E+02	0.	0.	--	0.
PC126CO3H	4	2	240.30	C126CO3H	6.87E+02	8.39E+00	3.00E-02	1.00E+00	1.30E-06	0	BOTH	-	3.14E-06	9.96E+01	0.	0.	--	0.
PC126PAN	4	2	285.29	C126PAN	6.87E+02	8.39E+00	3.00E-02	1.00E+00	1.30E-06	0	BOTH	-	6.15E-06	9.56E+01	0.	0.	--	0.
PC136CO2H	4	2	238.32	C136CO2H	6.87E+02	8.39E+00	3.00E-02	1.00E+00	1.30E-06	0	BOTH	-	2.02E-07	1.08E+02	0.	0.	--	0.
PC136CO3H	4	2	254.32	C136CO3H	6.87E+02	8.39E+00	3.00E-02	1.00E+00	1.30E-06	0	BOTH	-	6.83E-07	1.05E+02	0.	0.	--	0.
PC136PAN	4	2	299.32	C136PAN	6.87E+02	8.39E+00	3.00E-02	1.00E+00	1.30E-06	0	BOTH	-	1.36E-06	1.01E+02	0.	0.	--	0.
PC148OOH	4	2	286.32	C148OOH	6.87E+02	8.39E+00	3.00E-02	1.00E+00	1.30E-06	0	BOTH	-	3.36E-10	1.29E+02	0.	0.	--	0.
PC148CO	4	2	268.31	C148CO	6.87E+02	8.39E+00	3.00E-02	1.00E+00	1.30E-06	0	BOTH	-	1.19E-07	1.09E+02	0.	0.	--	0.
PC148OH	4	2	270.32	C148OH	6.87E+02	8.39E+00	3.00E-02	1.00E+00	1.30E-06	0	BOTH	-	3.86E-09	1.21E+02	0.	0.	--	0.
PC1311OOH	4	2	242.31	C1311OOH	6.87E+02	8.39E+00	3.00E-02	1.00E+00	1.30E-06	0	BOTH	-	4.75E-09	1.21E+02	0.	0.	--	0.
PC1311NO3	4	2	271.31	C1311NO3	6.87E+02	8.39E+00	3.00E-02	1.00E+00	1.30E-06	0	BOTH	-	2.85E-08	1.14E+02	0.	0.	--	0.
PC1311OH	4	2	226.31	C1311OH	6.87E+02	8.39E+00	3.00E-02	1.00E+00	1.30E-06	0	BOTH	-	4.94E-08	1.13E+02	0.	0.	--	0.
PNC1313OOH	4	2	303.31	NC1313OOH	6.87E+02	8.39E+00	3.00E-02	1.00E+00	1.30E-06	0	BOTH	-	9.66E-11	1.33E+02	0.	0.	--	0.
PNC1313OH	4	2	287.31	NC1313OH	6.87E+02	8.39E+00	3.00E-02	1.00E+00	1.30E-06	0	BOTH	-	1.13E-09	1.25E+02	0.	0.	--	0.
PC1313OOH	4	2	258.31	C1313OOH	6.87E+02	8.39E+00	3.00E-02	1.00E+00	1.30E-06	0	BOTH	-	1.75E-10	1.31E+02	0.	0.	--	0.
PC1313NO3	4	2	287.31	C1313NO3	6.87E+02	8.39E+00	3.00E-02	1.00E+00	1.30E-06	0	BOTH	-	1.13E-09	1.25E+02	0.	0.	--	0.
PC1313OH	4	2	242.31	C1313OH	6.87E+02	8.39E+00	3.00E-02	1.00E+00	1.30E-06	0	BOTH	-	1.99E-09	1.23E+02	0.	0.	--	0.
PC126OOH	4	2	212.29	C126OOH	6.87E+02	8.39E+00	3.00E-02	1.00E+00	1.30E-06	0	BOTH	-	9.66E-06	9.59E+01	0.	0.	--	0.
PC126NO3	4	2	241.28	C126NO3	6.87E+02	8.39E+00	3.00E-02	1.00E+00	1.30E-06	0	BOTH	-	7.15E-05	8.76E+01	0.	0.	--	0.
PC126CO	4	2	194.27	C126CO	6.87E+02	8.39E+00	3.00E-02	1.00E+00	1.30E-06	0	BOTH	-	2.41E-03	7.56E+01	0.	0.	--	0.
PC126OH	4	2	196.29	C126OH	6.87E+02	8.39E+00	3.00E-02	1.00E+00	1.30E-06	0	BOTH	-	8.32E-05	8.85E+01	0.	0.	--	0.
PC144OOH	4	2	272.34	C144OOH	6.87E+02	8.39E+00	3.00E-02	1.00E+00	1.30E-06	0	BOTH	-	3.01E-11	1.37E+02	0.	0.	--	0.
PC142OOH	4	2	256.34	C142OOH	6.87E+02	8.39E+00	3.00E-02	1.00E+00	1.30E-06	0	BOTH	-	8.52E-10	1.26E+02	0.	0.	--	0.
PC142NO3	4	2	285.34	C142NO3	6.87E+02	8.39E+00	3.00E-02	1.00E+00	1.30E-06	0	BOTH	-	5.23E-09	1.19E+02	0.	0.	--	0.
PC142OH	4	2	240.34	C142OH	6.87E+02	8.39E+00	3.00E-02	1.00E+00	1.30E-06	0	BOTH	-	9.21E-09	1.18E+02	0.	0.	--	0.
PNBCKOOH	4	2	301.34	NBCKOOH	6.87E+02	8.39E+00	3.00E-02	1.00E+00	1.30E-06	0	BOTH	-	1.95E-10	1.27E+02	0.	0.	--	0.
PBCKBNO3	4	2	285.34	BCKBNO3	6.87E+02	8.39E+00	3.00E-02	1.00E+00	1.30E-06	0	BOTH	-	1.76E-09	1.20E+02	0.	0.	--	0.
PBCKAOOH	4	2	256.34	BCKAOOH	6.87E+02	8.39E+00	3.00E-02	1.00E+00	1.30E-06	0	BOTH	-	3.20E-10	1.26E+02	0.	0.	--	0.
PBCKANO3	4	2	285.34	BCKANO3	6.87E+02	8.39E+00	3.00E-02	1.00E+00	1.30E-06	0	BOTH	-	1.76E-09	1.20E+02	0.	0.	--	0.
PBCKAOH	4	2	240.34	BCKAOH	6.87E+02	8.39E+00	3.00E-02	1.00E+00	1.30E-06	0	BOTH	-	2.81E-09	1.19E+02	0.	0.	--	0.
PBCKBOOH	4	2	256.34	BCKBOOH	6.87E+02	8.39E+00	3.00E-02	1.00E+00	1.30E-06	0	BOTH	-	3.20E-10	1.26E+02	0.	0.	--	0.
PBCKBCO	4	2	238.32	BCKBCO	6.87E+02	8.39E+00	3.00E-02	1.00E+00	1.30E-06	0	BOTH	-	1.47E-08	1.14E+02	0.	0.	--	0.
PC1312CO	4	2	240.30	C1312CO	6.87E+02	8.39E+00	3.00E-02	1.00E+00	1.30E-06	0	BOTH	-	2.57E-08	1.16E+02	0.	0.	--	0.
PC116CO2H	4	2	226.27	C116CO2H	6.87E+02	8.39E+00	3.00E-02	1.00E+00	1.30E-06	0	BOTH	-	1.15E-07	1.10E+02	0.	0.	--	0.
PC116CO3H	4	2	242.27	C116CO3H	6.87E+02	8.39E+00	3.00E-02	1.00E+00	1.30E-06	0	BOTH	-	3.88E-07	1.06E+02	0.	0.	--	0.
PC116PAN	4	2	287.27	C116PAN	6.87E+02	8.39E+00	3.00E-02	1.00E+00	1.30E-06	0	BOTH	-	8.41E-07	1.02E+02	0.	0.	--	0.
PC116OOH	4	2	214.26	C116OOH	6.87E+02	8.39E+00	3.00E-02	1.00E+00	1.30E-06	0	BOTH	-	1.22E-06	1.03E+02	0.	0.	--	0.
PC116NO3	4	2	243.26	C116NO3	6.87E+02	8.39E+00	3.00E-02	1.00E+00	1.30E-06	0	BOTH	-	1.02E-05	9.40E+01	0.	0.	--	0.
PC116CO	4	2	196.24	C116CO	6.87E+02	8.39E+00	3.00E-02	1.00E+00	1.30E-06	0	BOTH	-	3.70E-04	8.19E+01	0.	0.	--	0.
PC116OH	4	2	198.26	C116OH	6.87E+02	8.39E+00	3.00E-02	1.00E+00	1.30E-06	0	BOTH	-	1.10E-05	9.51E+01	0.	0.	--	0.
PC129OOH	4	2	242.27	C129OOH	6.87E+02	8.39E+00	3.00E-02	1.00E+00	1.30E-06	0	BOTH	-	1.55E-08	1.16E+02	0.	0.	--	0.
PC129CO	4	2	224.25	C129CO	6.87E+02	8.39E+00	3.00E-02	1.00E+00	1.30E-06	0	BOTH	-	4.55E-06	9.66E+01	0.	0.	--	0.
PC129OH	4	2	226.27	C129OH	6.87E+02	8.39E+00	3.00E-02	1.00E+00	1.30E-06	0	BOTH	-	1.57E-07	1.09E+02	0.	0.	--	0.
PC143CO	4	2	254.32	C143CO	6.87E+02	8.39E+00	3.00E-02	1.00E+00	1.30E-06	0	BOTH	-	4.54E-09	1.21E+02	0.	0.	--	0.
PC1210OOH	4	2	228.28	C1210OOH	6.87E+02	8.39E+00	3.00E-02	1.00E+00	1.30E-06	0	BOTH	-	2.65E-07	1.08E+02	0.	0.	--	0.
PC1210NO3	4	2	257.28	C1210NO3	6.87E+02	8.39E+00	3.00E-02	1.00E+00	1.30E-06	0	BOTH	-	2.27E-06	9.93E+01	0.	0.	--	0.
PC1210OH	4	2	212.29	C1210OH	6.87E+02	8.39E+00	3.00E-02	1.00E+00	1.30E-06	0	BOTH	-	2.53E-06	1.00E+02	0.	0.	--	0.
PC1011CO2H	4	2	198.26	C1011CO2H	6.87E+02	8.39E+00	3.00E-02	1.00E+00	1.30E-06	0	BOTH	-	9.77E-06	9.50E+01	0.	0.	--	0.
PC1011CO3H	4	2	214.26	C1011CO3H	6.87E+02	8.39E+00	3.00E-02	1.00E+00	1.30E-06	0	BOTH	-	3.29E-05	9.14E+01	0.	0.	--	0.
PC1011PAN	4	2	259.26	C1011PAN	6.87E+02	8.39E+00	3.00E-02	1.00E+00	1.30E-06	0	BOTH	-	6.38E-05	8.73E+01	0.	0.	--	0.
PHCOCH2CO3H	4	2	104.06	HCOCH2CO3H	6.87E+02	8.39E+00	3.00E-02	1.00E+00	1.30E-06	0	BOTH	-	8.61E-01	5.73E+01	0.	0.	--	0.
PC3PAN2	4	2	149.06	C3PAN2	6.87E+02	8.39E+00	3.00E-02	1.00E+00	1.30E-06	0	BOTH	-	1.19E+00	5.35E+01	0.	0.	--	0.
PC1210CO2H	4	2	240.30	C1210CO2H	6.87E+02	8.39E+00	3.00E-02	1.00E+00	1.30E-06	0	BOTH	-	2.40E-08	1.15E+02	0.	0.	--	0.
PC1210CO3H	4	2	256.29	C1210CO3H	6.87E+02	8.39E+00	3.00E-02	1.00E+00	1.30E-06	0	BOTH	-	8.13E-08	1.12E+02	0.	0.	--	0.
PC1210PAN	4	2	301.29	C1210PAN	6.87E+02	8.39E+00	3.00E-02	1.00E+00	1.30E-06	0	BOTH	-	1.78E-07	1.07E+02	0.	0.	--	0.
PC132OOH	4	2	258.31	C132OOH	6.87E+02	8.39E+00	3.00E-02	1.00E+00	1.30E-06	0	BOTH	-	9.27E-11	1.33E+02	0.	0.	--	0.
PC132OH	4	2	242.31	C132OH	6.87E+02	8.39E+00	3.00E-02	1.00E+00	1.30E-06	0	BOTH	-	1.04E-09	1.25E+02	0.	0.	--	0.
PC137CO2H	4	2	254.32	C137CO2H	6.87E+02	8.39E+00	3.00E-02	1.00E+00	1.30E-06	0	BOTH	-	3.10E-10	1.29E+02	0.	0.	--	0.
PC137CO3H	4	2	270.32	C137CO3H	6.87E+02	8.39E+00	3.00E-02	1.00E+00	1.30E-06	0	BOTH	-	1.09E-09	1.25E+02	0.	0.	--	0.
PC137PAN	4	2	315.32	C137PAN	6.87E+02	8.39E+00	3.00E-02	1.00E+00	1.30E-06	0	BOTH	-	1.70E-09	1.23E+02	0.	0.	--	0.
PC1013CO2H	4	2	214.26	C1013CO2H	6.87E+02	8.39E+00	3.00E-02	1.00E+00	1.30E-06	0	BOTH	-	6.94E-06	9.65E+01	0.	0.	--	0.
PC1013CO3H	4	2	230.26	C1013CO3H	6.87E+02	8.39E+00	3.00E-02	1.00E+00	1.30E-06	0	BOTH	-	2.33E-05	9.29E+01	0.	0.	--	0.
PC1013PAN	4	2	275.26	C1013PAN	6.87E+02	8.39E+00	3.00E-02	1.00E+00	1.30E-06	0	BOTH	-	4.29E-05	8.90E+01	0.	0.	--	0.
PHOC2H4CHO	4	2	74.08	HOC2H4CHO	6.87E+02	8.39E+00	3.00E-02	1.00E+00	1.30E-06	0	BOTH	-	3.50E+00	5.33E+01	0.	0.	--	0.
PC1312OOH	4	2	258.31	C1312OOH	6.87E+02	8.39E+00	3.00E-02	1.00E+00	1.30E-06	0	BOTH	-	1.07E-10	1.34E+02	0.	0.	--	0.
PC1312NO3	4	2	287.31	C1312NO3	6.87E+02	8.39E+00	3.00E-02	1.00E+00	1.30E-06	0	BOTH	-	7.03E-10	1.27E+02	0.	0.	--	0.
PC1312OH	4	2	242.31	C1312OH	6.87E+02	8.39E+00	3.00E-02	1.00E+00	1.30E-06	0	BOTH	-	1.27E-09	1.26E+02	0.	0.	--	0.
PC127OOH	4	2	228.28	C127OOH	6.87E+02	8.39E+00	3.00E-02	1.00E+00	1.30E-06	0	BOTH	-	2.32E-08	1.15E+02	0.	0.	--	0.
PC127NO3	4	2	257.28	C127NO3	6.87E+02	8.39E+00	3.00E-02	1.00E+00	1.30E-06	0	BOTH	-	1.36E-07	1.09E+02	0.	0.	--	0.
PC127OH	4	2	212.29	C127OH	6.87E+02	8.39E+00	3.00E-02	1.00E+00	1.30E-06	0	BOTH	-	2.28E-07	1.08E+02	0.	0.	--	0.
PC143OOH	4	2	272.34	C143OOH	6.87E+02	8.39E+00	3.00E-02	1.00E+00	1.30E-06	0	BOTH	-	1.77E-11	1.40E+02	0.	0.	--	0.
PC143NO3	4	2	301.34	C143NO3	6.87E+02	8.39E+00	3.00E-02	1.00E+00	1.30E-06	0	BOTH	-	1.19E-10	1.33E+02	0.	0.	--	0.
PC143OH	4	2	256.34	C143OH	6.87E+02	8.39E+00	3.00E-02	1.00E+00	1.30E-06	0	BOTH	-	2.19E-10	1.31E+02	0.	0.	--	0.
PC1011OOH	4	2	186.25	C1011OOH	6.87E+02	8.39E+00	3.00E-02	1.00E+00	1.30E-06	0	BOTH	-	9.53E-05	8.79E+01	0.	0.	--	0.
PC1011NO3	4	2	215.25	C1011NO3	6.87E+02	8.39E+00	3.00E-02	1.00E+00	1.30E-06	0	BOTH	-	6.80E-04	7.94E+01	0.	0.	--	0.
PC1011CO	4	2	168.23	C1011CO	6.87E+02	8.39E+00	3.00E-02	1.00E+00	1.30E-06	0	BOTH	-	5.46E-03	7.24E+01	0.	0.	--	0.
PC1011OH	4	2	170.25	C1011OH	6.87E+02	8.39E+00	3.00E-02	1.00E+00	1.30E-06	0	BOTH	-	7.48E-04	8.08E+01	0.	0.	--	0.
PHCOCH2OOH	4	2	76.05	HCOCH2OOH	6.87E+02	8.39E+00	3.00E-02	1.00E+00	1.30E-06	0	BOTH	-	1.87E+00	5.55E+01	0.	0.	--	0.
PGLYOX	4	2	58.04	GLYOX	6.87E+02	8.39E+00	3.00E-02	1.00E+00	1.30E-06	0	BOTH	-	1.44E+02	3.31E+01	0.	0.	--	0.
PHOCH2CHO	4	2	60.05	HOCH2CHO	6.87E+02	8.39E+00	3.00E-02	1.00E+00	1.30E-06	0	BOTH	-	1.01E+01	5.01E+01	0.	0.	--	0.
PC137OOH	4	2	242.31	C137OOH	6.87E+02	8.39E+00	3.00E-02	1.00E+00	1.30E-06	0	BOTH	-	3.57E-09	1.22E+02	0.	0.	--	0.
PC137NO3	4	2	271.31	C137NO3	6.87E+02	8.39E+00	3.00E-02	1.00E+00	1.30E-06	0	BOTH	-	2.17E-08	1.15E+02	0.	0.	--	0.
PC137CO	4	2	224.30	C137CO	6.87E+02	8.39E+00	3.00E-02	1.00E+00	1.30E-06	0	BOTH	-	9.30E-07	1.03E+02	0.	0.	--	0.
PC137OH	4	2	226.31	C137OH	6.87E+02	8.39E+00	3.00E-02	1.00E+00	1.30E-06	0	BOTH	-	3.74E-08	1.14E+02	0.	0.	--	0.
PC1013OOH	4	2	202.25	C1013OOH	6.87E+02	8.39E+00	3.00E-02	1.00E+00	1.30E-06	0	BOTH	-	6.96E-05	8.93E+01	0.	0.	--	0.
PC1013NO3	4	2	231.25	C1013NO3	6.87E+02	8.39E+00	3.00E-02	1.00E+00	1.30E-06	0	BOTH	-	4.73E-04	8.11E+01	0.	0.	--	0.
PC1013CO	4	2	184.23	C1013CO	6.87E+02	8.39E+00	3.00E-02	1.00E+00	1.30E-06	0	BOTH	-	3.90E-03	7.39E+01	0.	0.	--	0.
PC1013OH	4	2	186.25	C1013OH	6.87E+02	8.39E+00	3.00E-02	1.00E+00	1.30E-06	0	BOTH	-	5.64E-04	8.20E+01	0.	0.	--	0.
PC1010OOH	4	2	200.23	C1010OOH	6.87E+02	8.39E+00	3.00E-02	1.00E+00	1.30E-06	0	BOTH	-	6.51E-06	9.77E+01	0.	0.	--	0.
PC1010NO3	4	2	229.23	C1010NO3	6.87E+02	8.39E+00	3.00E-02	1.00E+00	1.30E-06	0	BOTH	-	5.21E-05	8.91E+01	0.	0.	--	0.
PCH3COCH3	4	2	58.08	CH3COCH3	6.87E+02	8.39E+00	3.00E-02	1.00E+00	1.30E-06	0	BOTH	-	3.18E+02	2.95E+01	0.	0.	--	0.
PC1010OH	4	2	184.23	C1010OH	6.87E+02	8.39E+00	3.00E-02	1.00E+00	1.30E-06	0	BOTH	-	5.73E-05	9.03E+01	0.	0.	--	0.
PC117OOH	4	2	230.26	C117OOH	6.87E+02	8.39E+00	3.00E-02	1.00E+00	1.30E-06	0	BOTH	-	2.64E-09	1.22E+02	0.	0.	--	0.
PC117NO3	4	2	259.26	C117NO3	6.87E+02	8.39E+00	3.00E-02	1.00E+00	1.30E-06	0	BOTH	-	1.67E-08	1.15E+02	0.	0.	--	0.
PC117OH	4	2	214.26	C117OH	6.87E+02	8.39E+00	3.00E-02	1.00E+00	1.30E-06	0	BOTH	-	2.71E-08	1.14E+02	0.	0.	--	0.
PC830CO2H	4	2	170.21	C830CO2H	6.87E+02	8.39E+00	3.00E-02	1.00E+00	1.30E-06	0	BOTH	-	1.88E-04	8.51E+01	0.	0.	--	0.
PC830CO3H	4	2	186.21	C830CO3H	6.87E+02	8.39E+00	3.00E-02	1.00E+00	1.30E-06	0	BOTH	-	6.34E-04	8.14E+01	0.	0.	--	0.
PC830PAN	4	2	231.20	C830PAN	6.87E+02	8.39E+00	3.00E-02	1.00E+00	1.30E-06	0	BOTH	-	1.17E-03	7.72E+01	0.	0.	--	0.
PC128CO	4	2	226.27	C128CO	6.87E+02	8.39E+00	3.00E-02	1.00E+00	1.30E-06	0	BOTH	-	1.26E-07	1.10E+02	0.	0.	--	0.
PC145OOH	4	2	304.34	C145OOH	6.87E+02	8.39E+00	3.00E-02	1.00E+00	1.30E-06	0	BOTH	-	4.22E-16	1.72E+02	0.	0.	--	0.
PHO14CO2C4	4	2	104.10	HO14CO2C4	6.87E+02	8.39E+00	3.00E-02	1.00E+00	1.30E-06	0	BOTH	-	3.58E-03	7.80E+01	0.	0.	--	0.
PC145OH	4	2	288.34	C145OH	6.87E+02	8.39E+00	3.00E-02	1.00E+00	1.30E-06	0	BOTH	-	6.39E-15	1.64E+02	0.	0.	--	0.
PC927OOH	4	2	188.22	C927OOH	6.87E+02	8.39E+00	3.00E-02	1.00E+00	1.30E-06	0	BOTH	-	1.17E-06	1.04E+02	0.	0.	--	0.
PC927NO3	4	2	217.22	C927NO3	6.87E+02	8.39E+00	3.00E-02	1.00E+00	1.30E-06	0	BOTH	-	6.73E-06	9.68E+01	0.	0.	--	0.
PC927OH	4	2	172.22	C927OH	6.87E+02	8.39E+00	3.00E-02	1.00E+00	1.30E-06	0	BOTH	-	1.05E-05	9.63E+01	0.	0.	--	0.
PCO2C4CO2H	4	2	116.12	CO2C4CO2H	6.87E+02	8.39E+00	3.00E-02	1.00E+00	1.30E-06	0	BOTH	-	1.78E-02	7.08E+01	0.	0.	--	0.
PCO2C4CO3H	4	2	132.11	CO2C4CO3H	6.87E+02	8.39E+00	3.00E-02	1.00E+00	1.30E-06	0	BOTH	-	6.32E-02	6.65E+01	0.	0.	--	0.
PC5PAN2	4	2	177.11	C5PAN2	6.87E+02	8.39E+00	3.00E-02	1.00E+00	1.30E-06	0	BOTH	-	8.70E-02	6.36E+01	0.	0.	--	0.
PCO2C4CHO	4	2	100.12	CO2C4CHO	6.87E+02	8.39E+00	3.00E-02	1.00E+00	1.30E-06	0	BOTH	-	5.80E+00	4.70E+01	0.	0.	--	0.
PC1214OOH	4	2	244.28	C1214OOH	6.87E+02	8.39E+00	3.00E-02	1.00E+00	1.30E-06	0	BOTH	-	5.23E-10	1.28E+02	0.	0.	--	0.
PC1214OH	4	2	228.28	C1214OH	6.87E+02	8.39E+00	3.00E-02	1.00E+00	1.30E-06	0	BOTH	-	5.67E-09	1.20E+02	0.	0.	--	0.
PC1211CO2H	4	2	256.29	C1211CO2H	6.87E+02	8.39E+00	3.00E-02	1.00E+00	1.30E-06	0	BOTH	-	3.38E-11	1.36E+02	0.	0.	--	0.
PC1211CO3H	4	2	272.29	C1211CO3H	6.87E+02	8.39E+00	3.00E-02	1.00E+00	1.30E-06	0	BOTH	-	1.18E-10	1.32E+02	0.	0.	--	0.
PC1211PAN	4	2	317.29	C1211PAN	6.87E+02	8.39E+00	3.00E-02	1.00E+00	1.30E-06	0	BOTH	-	1.96E-10	1.29E+02	0.	0.	--	0.
PC133OOH	4	2	274.31	C133OOH	6.87E+02	8.39E+00	3.00E-02	1.00E+00	1.30E-06	0	BOTH	-	1.74E-12	1.47E+02	0.	0.	--	0.
PC133NO3	4	2	303.31	C133NO3	6.87E+02	8.39E+00	3.00E-02	1.00E+00	1.30E-06	0	BOTH	-	1.25E-11	1.40E+02	0.	0.	--	0.
PC133CO	4	2	256.29	C133CO	6.87E+02	8.39E+00	3.00E-02	1.00E+00	1.30E-06	0	BOTH	-	4.98E-10	1.28E+02	0.	0.	--	0.
PC133OH	4	2	258.31	C133OH	6.87E+02	8.39E+00	3.00E-02	1.00E+00	1.30E-06	0	BOTH	-	2.25E-11	1.38E+02	0.	0.	--	0.
PC736CO	4	2	140.14	C736CO	6.87E+02	8.39E+00	3.00E-02	1.00E+00	1.30E-06	0	BOTH	-	6.47E-02	6.41E+01	0.	0.	--	0.
PHYETHO2H	4	2	78.07	HYETHO2H	6.87E+02	8.39E+00	3.00E-02	1.00E+00	1.30E-06	0	BOTH	-	1.03E-01	6.77E+01	0.	0.	--	0.
PETHOHNO3	4	2	107.07	ETHOHNO3	6.87E+02	8.39E+00	3.00E-02	1.00E+00	1.30E-06	0	BOTH	-	5.49E-01	5.91E+01	0.	0.	--	0.
PETHGLY	4	2	62.07	ETHGLY	6.87E+02	8.39E+00	3.00E-02	1.00E+00	1.30E-06	0	BOTH	-	5.83E-01	6.29E+01	0.	0.	--	0.
PHOC2H4CO2H	4	2	90.08	HOC2H4CO2H	6.87E+02	8.39E+00	3.00E-02	1.00E+00	1.30E-06	0	BOTH	-	1.20E-02	7.42E+01	0.	0.	--	0.
PHOC2H4CO3H	4	2	106.08	HOC2H4CO3H	6.87E+02	8.39E+00	3.00E-02	1.00E+00	1.30E-06	0	BOTH	-	5.30E-02	6.87E+01	0.	0.	--	0.
PC3PAN1	4	2	151.07	C3PAN1	6.87E+02	8.39E+00	3.00E-02	1.00E+00	1.30E-06	0	BOTH	-	6.32E-02	6.65E+01	0.	0.	--	0.
PC118CO	4	2	228.24	C118CO	6.87E+02	8.39E+00	3.00E-02	1.00E+00	1.30E-06	0	BOTH	-	1.46E-08	1.17E+02	0.	0.	--	0.
PC830OOH	4	2	158.19	C830OOH	6.87E+02	8.39E+00	3.00E-02	1.00E+00	1.30E-06	0	BOTH	-	1.72E-03	7.81E+01	0.	0.	--	0.
PC830NO3	4	2	187.19	C830NO3	6.87E+02	8.39E+00	3.00E-02	1.00E+00	1.30E-06	0	BOTH	-	1.13E-02	6.95E+01	0.	0.	--	0.
PC830CO	4	2	140.18	C830CO	6.87E+02	8.39E+00	3.00E-02	1.00E+00	1.30E-06	0	BOTH	-	8.27E-02	6.25E+01	0.	0.	--	0.
PC830OH	4	2	142.20	C830OH	6.87E+02	8.39E+00	3.00E-02	1.00E+00	1.30E-06	0	BOTH	-	1.22E-02	7.13E+01	0.	0.	--	0.
PC128OOH	4	2	244.28	C128OOH	6.87E+02	8.39E+00	3.00E-02	1.00E+00	1.30E-06	0	BOTH	-	5.77E-10	1.28E+02	0.	0.	--	0.
PC128NO3	4	2	273.28	C128NO3	6.87E+02	8.39E+00	3.00E-02	1.00E+00	1.30E-06	0	BOTH	-	3.73E-09	1.22E+02	0.	0.	--	0.
PC128OH	4	2	228.28	C128OH	6.87E+02	8.39E+00	3.00E-02	1.00E+00	1.30E-06	0	BOTH	-	6.50E-09	1.20E+02	0.	0.	--	0.
PC630CO	4	2	128.13	C630CO	6.87E+02	8.39E+00	3.00E-02	1.00E+00	1.30E-06	0	BOTH	-	8.26E-03	7.34E+01	0.	0.	--	0.
PMEKAOOH	4	2	104.10	MEKAOOH	6.87E+02	8.39E+00	3.00E-02	1.00E+00	1.30E-06	0	BOTH	-	1.51E-01	6.38E+01	0.	0.	--	0.
PMEKANO3	4	2	133.10	MEKANO3	6.87E+02	8.39E+00	3.00E-02	1.00E+00	1.30E-06	0	BOTH	-	8.39E-01	5.47E+01	0.	0.	--	0.
PCO2C3CHO	4	2	86.09	CO2C3CHO	6.87E+02	8.39E+00	3.00E-02	1.00E+00	1.30E-06	0	BOTH	-	1.67E+01	4.25E+01	0.	0.	--	0.
PMEKAOH	4	2	88.11	MEKAOH	6.87E+02	8.39E+00	3.00E-02	1.00E+00	1.30E-06	0	BOTH	-	9.13E-01	5.75E+01	0.	0.	--	0.
PC1215CO	4	2	242.27	C1215CO	6.87E+02	8.39E+00	3.00E-02	1.00E+00	1.30E-06	0	BOTH	-	2.87E-09	1.23E+02	0.	0.	--	0.
PC1012OOH	4	2	202.25	C1012OOH	6.87E+02	8.39E+00	3.00E-02	1.00E+00	1.30E-06	0	BOTH	-	5.05E-06	9.88E+01	0.	0.	--	0.
PC1012NO3	4	2	231.25	C1012NO3	6.87E+02	8.39E+00	3.00E-02	1.00E+00	1.30E-06	0	BOTH	-	4.07E-05	9.02E+01	0.	0.	--	0.
PC1012CO	4	2	184.23	C1012CO	6.87E+02	8.39E+00	3.00E-02	1.00E+00	1.30E-06	0	BOTH	-	1.08E-03	7.90E+01	0.	0.	--	0.
PC1012OH	4	2	186.25	C1012OH	6.87E+02	8.39E+00	3.00E-02	1.00E+00	1.30E-06	0	BOTH	-	4.52E-05	9.13E+01	0.	0.	--	0.
PHOCH2CO2H	4	2	76.05	HOCH2CO2H	6.87E+02	8.39E+00	3.00E-02	1.00E+00	1.30E-06	0	BOTH	-	3.64E-02	7.10E+01	0.	0.	--	0.
PHOCH2CO3H	4	2	92.05	HOCH2CO3H	6.87E+02	8.39E+00	3.00E-02	1.00E+00	1.30E-06	0	BOTH	-	1.71E-01	6.49E+01	0.	0.	--	0.
PPHAN	4	2	137.05	PHAN	6.87E+02	8.39E+00	3.00E-02	1.00E+00	1.30E-06	0	BOTH	-	2.17E-01	6.19E+01	0.	0.	--	0.
PC1211OOH	4	2	244.28	C1211OOH	6.87E+02	8.39E+00	3.00E-02	1.00E+00	1.30E-06	0	BOTH	-	3.93E-10	1.28E+02	0.	0.	--	0.
PC1211NO3	4	2	273.28	C1211NO3	6.87E+02	8.39E+00	3.00E-02	1.00E+00	1.30E-06	0	BOTH	-	2.56E-09	1.22E+02	0.	0.	--	0.
PC1211CO	4	2	226.27	C1211CO	6.87E+02	8.39E+00	3.00E-02	1.00E+00	1.30E-06	0	BOTH	-	1.15E-07	1.10E+02	0.	0.	--	0.
PC1211OH	4	2	228.28	C1211OH	6.87E+02	8.39E+00	3.00E-02	1.00E+00	1.30E-06	0	BOTH	-	4.28E-09	1.21E+02	0.	0.	--	0.
PC139OOH	4	2	258.31	C139OOH	6.87E+02	8.39E+00	3.00E-02	1.00E+00	1.30E-06	0	BOTH	-	6.59E-12	1.41E+02	0.	0.	--	0.
PC139NO3	4	2	303.31	C139NO3	6.87E+02	8.39E+00	3.00E-02	1.00E+00	1.30E-06	0	BOTH	-	5.72E-08	1.12E+02	0.	0.	--	0.
PC139OH	4	2	242.31	C139OH	6.87E+02	8.39E+00	3.00E-02	1.00E+00	1.30E-06	0	BOTH	-	7.72E-11	1.33E+02	0.	0.	--	0.
PC1014OOH	4	2	218.25	C1014OOH	6.87E+02	8.39E+00	3.00E-02	1.00E+00	1.30E-06	0	BOTH	-	3.54E-06	1.00E+02	0.	0.	--	0.
PC1014NO3	4	2	247.25	C1014NO3	6.87E+02	8.39E+00	3.00E-02	1.00E+00	1.30E-06	0	BOTH	-	2.72E-05	9.19E+01	0.	0.	--	0.
PC1014CO	4	2	200.23	C1014CO	6.87E+02	8.39E+00	3.00E-02	1.00E+00	1.30E-06	0	BOTH	-	7.53E-04	8.06E+01	0.	0.	--	0.
PC1014OH	4	2	202.25	C1014OH	6.87E+02	8.39E+00	3.00E-02	1.00E+00	1.30E-06	0	BOTH	-	3.27E-05	9.27E+01	0.	0.	--	0.
PC736OOH	4	2	158.15	C736OOH	6.87E+02	8.39E+00	3.00E-02	1.00E+00	1.30E-06	0	BOTH	-	2.95E-04	8.51E+01	0.	0.	--	0.
PC736OH	4	2	142.15	C736OH	6.87E+02	8.39E+00	3.00E-02	1.00E+00	1.30E-06	0	BOTH	-	2.27E-03	7.80E+01	0.	0.	--	0.
PC118OOH	4	2	246.26	C118OOH	6.87E+02	8.39E+00	3.00E-02	1.00E+00	1.30E-06	0	BOTH	-	5.97E-11	1.35E+02	0.	0.	--	0.
PC118NO3	4	2	275.26	C118NO3	6.87E+02	8.39E+00	3.00E-02	1.00E+00	1.30E-06	0	BOTH	-	4.14E-10	1.28E+02	0.	0.	--	0.
PC118OH	4	2	230.26	C118OH	6.87E+02	8.39E+00	3.00E-02	1.00E+00	1.30E-06	0	BOTH	-	7.00E-10	1.27E+02	0.	0.	--	0.
PC928CO2H	4	2	200.23	C928CO2H	6.87E+02	8.39E+00	3.00E-02	1.00E+00	1.30E-06	0	BOTH	-	1.50E-06	1.02E+02	0.	0.	--	0.
PC928CO3H	4	2	216.23	C928CO3H	6.87E+02	8.39E+00	3.00E-02	1.00E+00	1.30E-06	0	BOTH	-	5.19E-06	9.84E+01	0.	0.	--	0.
PC928PAN	4	2	261.23	C928PAN	6.87E+02	8.39E+00	3.00E-02	1.00E+00	1.30E-06	0	BOTH	-	1.08E-05	9.40E+01	0.	0.	--	0.
PHO1CO3CHO	4	2	102.09	HO1CO3CHO	6.87E+02	8.39E+00	3.00E-02	1.00E+00	1.30E-06	0	BOTH	-	7.23E-02	6.63E+01	0.	0.	--	0.
PC630OOH	4	2	146.14	C630OOH	6.87E+02	8.39E+00	3.00E-02	1.00E+00	1.30E-06	0	BOTH	-	5.11E-05	9.16E+01	0.	0.	--	0.
PC630OH	4	2	130.14	C630OH	6.87E+02	8.39E+00	3.00E-02	1.00E+00	1.30E-06	0	BOTH	-	3.98E-04	8.48E+01	0.	0.	--	0.
PC1215OOH	4	2	260.28	C1215OOH	6.87E+02	8.39E+00	3.00E-02	1.00E+00	1.30E-06	0	BOTH	-	1.07E-11	1.41E+02	0.	0.	--	0.
PC1215NO3	4	2	289.28	C1215NO3	6.87E+02	8.39E+00	3.00E-02	1.00E+00	1.30E-06	0	BOTH	-	7.53E-11	1.34E+02	0.	0.	--	0.
PC1215OH	4	2	244.28	C1215OH	6.87E+02	8.39E+00	3.00E-02	1.00E+00	1.30E-06	0	BOTH	-	1.33E-10	1.33E+02	0.	0.	--	0.
PHCOCO2H	4	2	74.04	HCOCO2H	6.87E+02	8.39E+00	3.00E-02	1.00E+00	1.30E-06	0	BOTH	-	7.22E-01	5.87E+01	0.	0.	--	0.
PHCOCO3H	4	2	90.03	HCOCO3H	6.87E+02	8.39E+00	3.00E-02	1.00E+00	1.30E-06	0	BOTH	-	2.66E+00	5.34E+01	0.	0.	--	0.
PC829OOH	4	2	190.19	C829OOH	6.87E+02	8.39E+00	3.00E-02	1.00E+00	1.30E-06	0	BOTH	-	1.36E-07	1.10E+02	0.	0.	--	0.
PC829NO3	4	2	219.19	C829NO3	6.87E+02	8.39E+00	3.00E-02	1.00E+00	1.30E-06	0	BOTH	-	8.52E-07	1.03E+02	0.	0.	--	0.
PC829OH	4	2	174.19	C829OH	6.87E+02	8.39E+00	3.00E-02	1.00E+00	1.30E-06	0	BOTH	-	1.27E-06	1.03E+02	0.	0.	--	0.
PC134OOH	4	2	288.29	C134OOH	6.87E+02	8.39E+00	3.00E-02	1.00E+00	1.30E-06	0	BOTH	-	5.73E-14	1.56E+02	0.	0.	--	0.
PC827CHO	4	2	170.21	C827CHO	6.87E+02	8.39E+00	3.00E-02	1.00E+00	1.30E-06	0	BOTH	-	4.19E-03	7.39E+01	0.	0.	--	0.
PC134CO	4	2	270.28	C134CO	6.87E+02	8.39E+00	3.00E-02	1.00E+00	1.30E-06	0	BOTH	-	1.83E-11	1.38E+02	0.	0.	--	0.
PC134OH	4	2	272.29	C134OH	6.87E+02	8.39E+00	3.00E-02	1.00E+00	1.30E-06	0	BOTH	-	7.79E-13	1.48E+02	0.	0.	--	0.
PC827CO2H	4	2	186.21	C827CO2H	6.87E+02	8.39E+00	3.00E-02	1.00E+00	1.30E-06	0	BOTH	-	6.52E-06	9.68E+01	0.	0.	--	0.
PC827CO3H	4	2	202.20	C827CO3H	6.87E+02	8.39E+00	3.00E-02	1.00E+00	1.30E-06	0	BOTH	-	2.25E-05	9.32E+01	0.	0.	--	0.
PC827PAN	4	2	247.20	C827PAN	6.87E+02	8.39E+00	3.00E-02	1.00E+00	1.30E-06	0	BOTH	-	4.64E-05	8.88E+01	0.	0.	--	0.
PC1310CO	4	2	256.29	C1310CO	6.87E+02	8.39E+00	3.00E-02	1.00E+00	1.30E-06	0	BOTH	-	3.24E-11	1.37E+02	0.	0.	--	0.
PCOO2C4CHO	4	2	116.12	COO2C4CHO	6.87E+02	8.39E+00	3.00E-02	1.00E+00	1.30E-06	0	BOTH	-	4.57E+00	4.82E+01	0.	0.	--	0.
PC522CO2H	4	2	128.13	C522CO2H	6.87E+02	8.39E+00	3.00E-02	1.00E+00	1.30E-06	0	BOTH	-	8.52E-03	7.33E+01	0.	0.	--	0.
PC522CO3H	4	2	144.13	C522CO3H	6.87E+02	8.39E+00	3.00E-02	1.00E+00	1.30E-06	0	BOTH	-	2.99E-02	6.91E+01	0.	0.	--	0.
PC522PAN	4	2	189.12	C522PAN	6.87E+02	8.39E+00	3.00E-02	1.00E+00	1.30E-06	0	BOTH	-	5.07E-02	6.46E+01	0.	0.	--	0.
PHYPERACET	4	2	90.08	HYPERACET	6.87E+02	8.39E+00	3.00E-02	1.00E+00	1.30E-06	0	BOTH	-	4.83E-01	5.98E+01	0.	0.	--	0.
PACETOL	4	2	74.08	ACETOL	6.87E+02	8.39E+00	3.00E-02	1.00E+00	1.30E-06	0	BOTH	-	2.74E+00	5.39E+01	0.	0.	--	0.
PMGLYOX	4	2	72.06	MGLYOX	6.87E+02	8.39E+00	3.00E-02	1.00E+00	1.30E-06	0	BOTH	-	4.57E+01	3.81E+01	0.	0.	--	0.
PC831OOH	4	2	174.19	C831OOH	6.87E+02	8.39E+00	3.00E-02	1.00E+00	1.30E-06	0	BOTH	-	1.09E-04	8.85E+01	0.	0.	--	0.
PC831NO3	4	2	203.19	C831NO3	6.87E+02	8.39E+00	3.00E-02	1.00E+00	1.30E-06	0	BOTH	-	8.18E-04	7.97E+01	0.	0.	--	0.
PC831CO	4	2	156.18	C831CO	6.87E+02	8.39E+00	3.00E-02	1.00E+00	1.30E-06	0	BOTH	-	1.87E-02	6.87E+01	0.	0.	--	0.
PC831OH	4	2	158.19	C831OH	6.87E+02	8.39E+00	3.00E-02	1.00E+00	1.30E-06	0	BOTH	-	8.76E-04	8.12E+01	0.	0.	--	0.
PC928OOH	4	2	188.22	C928OOH	6.87E+02	8.39E+00	3.00E-02	1.00E+00	1.30E-06	0	BOTH	-	1.56E-05	9.47E+01	0.	0.	--	0.
PC928NO3	4	2	217.22	C928NO3	6.87E+02	8.39E+00	3.00E-02	1.00E+00	1.30E-06	0	BOTH	-	1.25E-04	8.60E+01	0.	0.	--	0.
PC928OH	4	2	172.22	C928OH	6.87E+02	8.39E+00	3.00E-02	1.00E+00	1.30E-06	0	BOTH	-	1.33E-04	8.74E+01	0.	0.	--	0.
PC46CO2H	4	2	116.12	C46CO2H	6.87E+02	8.39E+00	3.00E-02	1.00E+00	1.30E-06	0	BOTH	-	1.47E-03	8.04E+01	0.	0.	--	0.
PC46CO3H	4	2	132.11	C46CO3H	6.87E+02	8.39E+00	3.00E-02	1.00E+00	1.30E-06	0	BOTH	-	5.99E-03	7.56E+01	0.	0.	--	0.
PC46PAN	4	2	177.11	C46PAN	6.87E+02	8.39E+00	3.00E-02	1.00E+00	1.30E-06	0	BOTH	-	8.49E-03	7.23E+01	0.	0.	--	0.
PHOCO3C4OOH	4	2	120.10	HOCO3C4OOH	6.87E+02	8.39E+00	3.00E-02	1.00E+00	1.30E-06	0	BOTH	-	5.07E-04	8.44E+01	0.	0.	--	0.
PCO2C3CO3H	4	2	118.09	CO2C3CO3H	6.87E+02	8.39E+00	3.00E-02	1.00E+00	1.30E-06	0	BOTH	-	2.13E-01	6.21E+01	0.	0.	--	0.
PCO2C3PAN	4	2	163.09	CO2C3PAN	6.87E+02	8.39E+00	3.00E-02	1.00E+00	1.30E-06	0	BOTH	-	2.98E-01	5.87E+01	0.	0.	--	0.
PC930OOH	4	2	202.20	C930OOH	6.87E+02	8.39E+00	3.00E-02	1.00E+00	1.30E-06	0	BOTH	-	7.97E-07	1.04E+02	0.	0.	--	0.
PC930NO3	4	2	231.20	C930NO3	6.87E+02	8.39E+00	3.00E-02	1.00E+00	1.30E-06	0	BOTH	-	7.23E-06	9.56E+01	0.	0.	--	0.
PC930OH	4	2	186.21	C930OH	6.87E+02	8.39E+00	3.00E-02	1.00E+00	1.30E-06	0	BOTH	-	7.35E-06	9.69E+01	0.	0.	--	0.
PC3M3CHOOOH	4	2	118.13	C3M3CHOOOH	6.87E+02	8.39E+00	3.00E-02	1.00E+00	1.30E-06	0	BOTH	-	7.70E-02	6.59E+01	0.	0.	--	0.
PC3M3CHONO3	4	2	147.13	C3M3CHONO3	6.87E+02	8.39E+00	3.00E-02	1.00E+00	1.30E-06	0	BOTH	-	4.12E-01	5.74E+01	0.	0.	--	0.
PH2M2C3CHO	4	2	102.13	H2M2C3CHO	6.87E+02	8.39E+00	3.00E-02	1.00E+00	1.30E-06	0	BOTH	-	4.81E-01	5.94E+01	0.	0.	--	0.
PC1212OOH	4	2	260.28	C1212OOH	6.87E+02	8.39E+00	3.00E-02	1.00E+00	1.30E-06	0	BOTH	-	6.76E-13	1.48E+02	0.	0.	--	0.
PC1212NO3	4	2	305.28	C1212NO3	6.87E+02	8.39E+00	3.00E-02	1.00E+00	1.30E-06	0	BOTH	-	6.71E-09	1.19E+02	0.	0.	--	0.
PC1212OH	4	2	244.28	C1212OH	6.87E+02	8.39E+00	3.00E-02	1.00E+00	1.30E-06	0	BOTH	-	8.21E-12	1.40E+02	0.	0.	--	0.
PC513CO	4	2	130.10	C513CO	6.87E+02	8.39E+00	3.00E-02	1.00E+00	1.30E-06	0	BOTH	-	1.18E-03	8.00E+01	0.	0.	--	0.
PC827OOH	4	2	174.19	C827OOH	6.87E+02	8.39E+00	3.00E-02	1.00E+00	1.30E-06	0	BOTH	-	6.53E-05	8.97E+01	0.	0.	--	0.
PC827OH	4	2	158.19	C827OH	6.87E+02	8.39E+00	3.00E-02	1.00E+00	1.30E-06	0	BOTH	-	5.23E-04	8.25E+01	0.	0.	--	0.
PCHOC2CO2H	4	2	102.09	CHOC2CO2H	6.87E+02	8.39E+00	3.00E-02	1.00E+00	1.30E-06	0	BOTH	-	7.45E-02	6.62E+01	0.	0.	--	0.
PC1310OOH	4	2	274.31	C1310OOH	6.87E+02	8.39E+00	3.00E-02	1.00E+00	1.30E-06	0	BOTH	-	1.12E-13	1.55E+02	0.	0.	--	0.
PC1310NO3	4	2	303.31	C1310NO3	6.87E+02	8.39E+00	3.00E-02	1.00E+00	1.30E-06	0	BOTH	-	8.12E-13	1.48E+02	0.	0.	--	0.
PC1310OH	4	2	258.31	C1310OH	6.87E+02	8.39E+00	3.00E-02	1.00E+00	1.30E-06	0	BOTH	-	1.50E-12	1.47E+02	0.	0.	--	0.
PCHOC2CO3H	4	2	118.09	CHOC2CO3H	6.87E+02	8.39E+00	3.00E-02	1.00E+00	1.30E-06	0	BOTH	-	2.66E-01	6.16E+01	0.	0.	--	0.
PCHOC2PAN	4	2	163.09	CHOC2PAN	6.87E+02	8.39E+00	3.00E-02	1.00E+00	1.30E-06	0	BOTH	-	3.65E-01	5.83E+01	0.	0.	--	0.
PCO123C5CHO	4	2	142.11	CO123C5CHO	6.87E+02	8.39E+00	3.00E-02	1.00E+00	1.30E-06	0	BOTH	-	1.08E-02	7.04E+01	0.	0.	--	0.
PC1213CO	4	2	258.27	C1213CO	6.87E+02	8.39E+00	3.00E-02	1.00E+00	1.30E-06	0	BOTH	-	3.31E-12	1.44E+02	0.	0.	--	0.
PC521OOH	4	2	148.11	C521OOH	6.87E+02	8.39E+00	3.00E-02	1.00E+00	1.30E-06	0	BOTH	-	6.25E-06	9.84E+01	0.	0.	--	0.
PC521OH	4	2	132.11	C521OH	6.87E+02	8.39E+00	3.00E-02	1.00E+00	1.30E-06	0	BOTH	-	5.06E-05	9.15E+01	0.	0.	--	0.
PH2M2C3CO3H	4	2	134.13	H2M2C3CO3H	6.87E+02	8.39E+00	3.00E-02	1.00E+00	1.30E-06	0	BOTH	-	6.31E-03	7.52E+01	0.	0.	--	0.
PC5PAN11	4	2	179.13	C5PAN11	6.87E+02	8.39E+00	3.00E-02	1.00E+00	1.30E-06	0	BOTH	-	6.74E-03	7.41E+01	0.	0.	--	0.
PC135OOH	4	2	302.28	C135OOH	6.87E+02	8.39E+00	3.00E-02	1.00E+00	1.30E-06	0	BOTH	-	1.89E-15	1.66E+02	0.	0.	--	0.
PCOO2C4CO3H	4	2	148.11	COO2C4CO3H	6.87E+02	8.39E+00	3.00E-02	1.00E+00	1.30E-06	0	BOTH	-	5.08E-02	6.73E+01	0.	0.	--	0.
PCOO2C4PAN	4	2	193.11	COO2C4PAN	6.87E+02	8.39E+00	3.00E-02	1.00E+00	1.30E-06	0	BOTH	-	8.07E-02	6.31E+01	0.	0.	--	0.
PCOO2C4OOH	4	2	120.10	COO2C4OOH	6.87E+02	8.39E+00	3.00E-02	1.00E+00	1.30E-06	0	BOTH	-	1.28E-01	6.43E+01	0.	0.	--	0.
PCHOC2H4OOH	4	2	90.08	CHOC2H4OOH	6.87E+02	8.39E+00	3.00E-02	1.00E+00	1.30E-06	0	BOTH	-	6.11E-01	5.92E+01	0.	0.	--	0.
PC929OOH	4	2	204.22	C929OOH	6.87E+02	8.39E+00	3.00E-02	1.00E+00	1.30E-06	0	BOTH	-	3.70E-08	1.14E+02	0.	0.	--	0.
PC929CO	4	2	186.21	C929CO	6.87E+02	8.39E+00	3.00E-02	1.00E+00	1.30E-06	0	BOTH	-	6.31E-06	9.70E+01	0.	0.	--	0.
PC929OH	4	2	188.22	C929OH	6.87E+02	8.39E+00	3.00E-02	1.00E+00	1.30E-06	0	BOTH	-	3.58E-07	1.07E+02	0.	0.	--	0.
PC6145COOOH	4	2	160.12	C6145COOOH	6.87E+02	8.39E+00	3.00E-02	1.00E+00	1.30E-06	0	BOTH	-	3.86E-05	9.18E+01	0.	0.	--	0.
PMPRBNO3OOH	4	2	151.12	MPRBNO3OOH	6.87E+02	8.39E+00	3.00E-02	1.00E+00	1.30E-06	0	BOTH	-	9.69E-03	7.29E+01	0.	0.	--	0.
PIBUTOLBNO3	4	2	135.12	IBUTOLBNO3	6.87E+02	8.39E+00	3.00E-02	1.00E+00	1.30E-06	0	BOTH	-	6.66E-02	6.60E+01	0.	0.	--	0.
PMPRBNO3CHO	4	2	133.10	MPRBNO3CHO	6.87E+02	8.39E+00	3.00E-02	1.00E+00	1.30E-06	0	BOTH	-	1.33E+00	5.27E+01	0.	0.	--	0.
PTBUTOLOOH	4	2	106.12	TBUTOLOOH	6.87E+02	8.39E+00	3.00E-02	1.00E+00	1.30E-06	0	BOTH	-	1.42E-02	7.31E+01	0.	0.	--	0.
PTBUTOLNO3	4	2	135.12	TBUTOLNO3	6.87E+02	8.39E+00	3.00E-02	1.00E+00	1.30E-06	0	BOTH	-	6.66E-02	6.60E+01	0.	0.	--	0.
PIBUTALOH	4	2	88.11	IBUTALOH	6.87E+02	8.39E+00	3.00E-02	1.00E+00	1.30E-06	0	BOTH	-	1.49E+00	5.55E+01	0.	0.	--	0.
PIBUTOLOHB	4	2	90.12	IBUTOLOHB	6.87E+02	8.39E+00	3.00E-02	1.00E+00	1.30E-06	0	BOTH	-	8.99E-02	6.71E+01	0.	0.	--	0.
PC1213OOH	4	2	276.28	C1213OOH	6.87E+02	8.39E+00	3.00E-02	1.00E+00	1.30E-06	0	BOTH	-	1.04E-14	1.62E+02	0.	0.	--	0.
PC1213NO3	4	2	305.28	C1213NO3	6.87E+02	8.39E+00	3.00E-02	1.00E+00	1.30E-06	0	BOTH	-	8.04E-14	1.55E+02	0.	0.	--	0.
PC1213OH	4	2	260.28	C1213OH	6.87E+02	8.39E+00	3.00E-02	1.00E+00	1.30E-06	0	BOTH	-	1.45E-13	1.54E+02	0.	0.	--	0.
PCOO2C3CHO	4	2	102.09	COO2C3CHO	6.87E+02	8.39E+00	3.00E-02	1.00E+00	1.30E-06	0	BOTH	-	1.34E+01	4.36E+01	0.	0.	--	0.
PC828CHO	4	2	184.19	C828CHO	6.87E+02	8.39E+00	3.00E-02	1.00E+00	1.30E-06	0	BOTH	-	2.36E-04	8.34E+01	0.	0.	--	0.
PHM22CO2H	4	2	118.13	HM22CO2H	6.87E+02	8.39E+00	3.00E-02	1.00E+00	1.30E-06	0	BOTH	-	1.58E-03	7.99E+01	0.	0.	--	0.
PHM22CO3H	4	2	134.13	HM22CO3H	6.87E+02	8.39E+00	3.00E-02	1.00E+00	1.30E-06	0	BOTH	-	6.31E-03	7.52E+01	0.	0.	--	0.
PC5PAN15	4	2	179.13	C5PAN15	6.87E+02	8.39E+00	3.00E-02	1.00E+00	1.30E-06	0	BOTH	-	6.74E-03	7.41E+01	0.	0.	--	0.
PC6TONOHOOH	4	2	176.12	C6TONOHOOH	6.87E+02	8.39E+00	3.00E-02	1.00E+00	1.30E-06	0	BOTH	-	9.09E-08	1.12E+02	0.	0.	--	0.
PMPRNO3CO2H	4	2	149.10	MPRNO3CO2H	6.87E+02	8.39E+00	3.00E-02	1.00E+00	1.30E-06	0	BOTH	-	3.93E-03	7.54E+01	0.	0.	--	0.
PMPRNO3CO3H	4	2	165.10	MPRNO3CO3H	6.87E+02	8.39E+00	3.00E-02	1.00E+00	1.30E-06	0	BOTH	-	1.34E-02	7.14E+01	0.	0.	--	0.
PMPRBNO3PAN	4	2	210.10	MPRBNO3PAN	6.87E+02	8.39E+00	3.00E-02	1.00E+00	1.30E-06	0	BOTH	-	1.67E-02	6.95E+01	0.	0.	--	0.
PIPRHOCO2H	4	2	104.10	IPRHOCO2H	6.87E+02	8.39E+00	3.00E-02	1.00E+00	1.30E-06	0	BOTH	-	5.33E-03	7.59E+01	0.	0.	--	0.
PIPRHOCO3H	4	2	120.10	IPRHOCO3H	6.87E+02	8.39E+00	3.00E-02	1.00E+00	1.30E-06	0	BOTH	-	2.19E-02	7.09E+01	0.	0.	--	0.
PC4PAN5	4	2	165.10	C4PAN5	6.87E+02	8.39E+00	3.00E-02	1.00E+00	1.30E-06	0	BOTH	-	2.47E-02	6.93E+01	0.	0.	--	0.
PCOO2C3CO3H	4	2	134.09	COO2C3CO3H	6.87E+02	8.39E+00	3.00E-02	1.00E+00	1.30E-06	0	BOTH	-	1.75E-01	6.28E+01	0.	0.	--	0.
PCOO2C3PAN	4	2	179.08	COO2C3PAN	6.87E+02	8.39E+00	3.00E-02	1.00E+00	1.30E-06	0	BOTH	-	2.73E-01	5.84E+01	0.	0.	--	0.
PMOCOCH2OOH	4	2	106.08	MOCOCH2OOH	6.87E+02	8.39E+00	3.00E-02	1.00E+00	1.30E-06	0	BOTH	-	4.21E-01	6.01E+01	0.	0.	--	0.
PMOXCOCH2OH	4	2	90.08	MOXCOCH2OH	6.87E+02	8.39E+00	3.00E-02	1.00E+00	1.30E-06	0	BOTH	-	2.48E+00	5.38E+01	0.	0.	--	0.
PMOXYCOCHO	4	2	88.06	MOXYCOCHO	6.87E+02	8.39E+00	3.00E-02	1.00E+00	1.30E-06	0	BOTH	-	3.73E+01	3.91E+01	0.	0.	--	0.
PIBUTOLBO2H	4	2	106.12	IBUTOLBO2H	6.87E+02	8.39E+00	3.00E-02	1.00E+00	1.30E-06	0	BOTH	-	1.42E-02	7.31E+01	0.	0.	--	0.
PC828CO3H	4	2	216.19	C828CO3H	6.87E+02	8.39E+00	3.00E-02	1.00E+00	1.30E-06	0	BOTH	-	1.02E-06	1.03E+02	0.	0.	--	0.
PC828PAN	4	2	261.19	C828PAN	6.87E+02	8.39E+00	3.00E-02	1.00E+00	1.30E-06	0	BOTH	-	2.38E-06	9.81E+01	0.	0.	--	0.
PC828OOH	4	2	188.18	C828OOH	6.87E+02	8.39E+00	3.00E-02	1.00E+00	1.30E-06	0	BOTH	-	3.07E-06	9.93E+01	0.	0.	--	0.
PCO24C4CHO	4	2	114.10	CO24C4CHO	6.87E+02	8.39E+00	3.00E-02	1.00E+00	1.30E-06	0	BOTH	-	4.60E-01	5.65E+01	0.	0.	--	0.
PALCOMOXOOH	4	2	120.06	ALCOMOXOOH	6.87E+02	8.39E+00	3.00E-02	1.00E+00	1.30E-06	0	BOTH	-	3.16E-02	6.91E+01	0.	0.	--	0.
PH2O	9	0	18.0	--	1.000D10	1.000D10	0.d0	1.0	1.00D-06	0	BOTH	-	0.	0.	0.	0.	--	0.
