#Name       Type group ID	  MW    Precursor    coll_fac        mole_diam       surf_tens accomod  mass_dens  non-volatile  partitioning       smiles  psat_torr     dHvap    Henry    Tref
PMD	    1    5    	        28.0    --           1.000D10        1.000D10        0.D0      1.0      2.33D-06	      0            --            -          0.        0.      0.      0.
PBC	    2    4	        12.0    --           1.000D10        1.000D10        0.D0      1.0      2.25D-06	      0            --            -          0.        0.      0.      0.
PNA	    3    1	        23.0    --           1.000D10        1.000D10        0.D0      1.0      0.97D-06	      0            --            -          0.        0.      0.      0.
PSO4	    3    1              98.0    SULF         77.3d0          5.5d0           80.D-03   1.0      1.84D-06	      1            --            -          0.        0.      0.      0.
PNH4	    3    1              17.0	NH3          558.3d0         2.9d0           80.D-03   1.0      0.91D-06	      0            --            -          0.        0.      0.      0.
PNO3	    3    1	        63.0    HNO3         475.9d0         3.3d0           80.D-03   1.0      1.50D-06	      0            --            -          0.        0.      0.      0.
PHCL	    3    1	        36.5	HCL          344.7d0         3.339d0         80.D-03   1.0      1.15D-06	      0            --            -          0.        0.      0.      0.
PBiA2D	    4    2	       186.0    BiA2D        687.d0          8.39d0          30.D-03   1.0      1.30D-06	      0            --            -          0.        0.      0.      0.
PBiA1D	    4    2	       170.0    BiA1D        687.d0          8.39d0          30.D-03   1.0      1.30D-06	      0            --            -          0.        0.      0.      0.
PBiA0D	    4    2	       168.0    BiA0D        687.d0          8.39d0          30.D-03   1.0      1.30D-06	      0            --            -          0.        0.      0.      0.
PBiMT	    4    2	       136.0    BiMT         687.d0          8.39d0          30.D-03   1.0      1.30D-06	      0            --            -          0.        0.      0.      0.
PBiPER	    4    2	       168.0    BiPER        687.d0          8.39d0          30.D-03   1.0      1.30D-06	      0            --            -          0.        0.      0.      0.
PBiDER	    4    2	       136.0	BiDER        687.d0          8.39d0          30.D-03   1.0      1.30D-06	      0            --            -          0.        0.      0.      0.
PBiMGA	    4    2	       120.0    BiMGA        687.d0          8.39d0          30.D-03   1.0      1.30D-06	      0            --            -          0.        0.      0.      0.
PAnBlP	    4    3	       167.0    AnBlP        687.d0          8.39d0          30.D-03   1.0      1.30D-06	      0            --            -          0.        0.      0.      0.
PAnBmP	    4    3	       152.0	AnBmP        687.d0          8.39d0          30.D-03   1.0      1.30D-06	      0            --            -          0.        0.      0.      0.
PBiBlP	    4    3	       298.0    BiBlP        687.d0          8.39d0          30.D-03   1.0      1.30D-06	      0            --            -          0.        0.      0.      0.
PBiBmP	    4    3	       236.0    BiBmP        687.d0          8.39d0          30.D-03   1.0      1.30D-06	      0            --            -          0.        0.      0.      0.
PBiNGA	    4    3	       165.0    BiNGA        687.d0          8.39d0          30.D-03   1.0      1.30D-06	      0            --            -          0.        0.      0.      0.
PBiNIT3     4    3	       272.0	BiNIT3       687.d0          8.39d0          30.D-03   1.0      1.30D-06	      0            --            -          0.        0.      0.      0.
PBiNIT	    4    3	       215.0    BiNIT        687.d0          8.39d0          30.D-03   1.0      1.30D-06	      0            --            -          0.        0.      0.      0.
PAnClP	    4    3	       167.0    AnClP        687.d0          8.39d0          30.D-03   1.0      1.30D-06	      0            --            -          0.        0.      0.      0.
PSOAlP	    4    3	       392.0	SOAlP        687.d0          8.39d0          30.D-03   1.0      1.30D-06	      1            HPHO          -          0.        0.      0.      0.
PSOAmP	    4    3	       392.0    SOAmP        687.d0          8.39d0          30.D-03   1.0      1.30D-06	      0            --            -          0.        0.      0.      0.
PSOAhP	    4    3	       392.0    SOAhP        687.d0          8.39d0          30.D-03   1.0      1.30D-06	      0            --            -          0.        0.      0.      0.
PPOAlP	    4    3	       280.0	POAlP        687.d0          8.39d0          30.D-03   1.0      1.30D-06	      0            --            -          0.        0.      0.      0.
PPOAmP      4    3	       280.0    POAmP        687.d0          8.39d0          30.D-03   1.0      1.30D-06	      0            --            -          0.        0.      0.      0.
PPOAhP	    4    3	       280.0    POAhP        687.d0          8.39d0          30.D-03   1.0      1.30D-06	      0            --            -          0.        0.      0.      0.
PTLFUOOH	4	2	143.38	TLFUOOH	6.87E+02	8.39E+00	3.00E-02	1.00E+00	1.30E-06	0	BOTH	&0.00E+00&0.00E+00&0.00E+00&0.00E+00&0.00E+00&0.00E+00&1.00E+00&0.00E+00&0.00E+00&0.00E+00&5.37E-01&0.00E+00&1.25E-01&0.00E+00&0.00E+00&0.00E+00&0.00E+00&0.00E+00&0.00E+00&0.00E+00&0.00E+00&0.00E+00&0.00E+00&0.00E+00&0.00E+00&0.00E+00&1.00E+00&0.00E+00&0.00E+00&0.00E+00&0.00E+00&0.00E+00&0.00E+00&1.00E+00&0.00E+00&0.00E+00&0.00E+00&0.00E+00&0.00E+00&0.00E+00&0.00E+00&0.00E+00&0.00E+00&8.75E-01&1.25E-01&0.00E+00&0.00E+00&0.00E+00&0.00E+00&0.00E+00&0.00E+00&0.00E+00&0.00E+00&0.00E+00&0.00E+00&0.00E+00&0.00E+00&0.00E+00&0.00E+00&0.00E+00	9.34E-06	1.02E+02      0.      0.
PTLEMUCOOH	4	2	190.09	TLEMUCOOH	6.87E+02	8.39E+00	3.00E-02	1.00E+00	1.30E-06	0	BOTH	&0.00E+00&0.00E+00&0.00E+00&0.00E+00&0.00E+00&0.00E+00&1.00E+00&0.00E+00&0.00E+00&0.00E+00&0.00E+00&0.00E+00&5.56E-03&0.00E+00&9.94E-01&0.00E+00&0.00E+00&0.00E+00&0.00E+00&0.00E+00&0.00E+00&0.00E+00&0.00E+00&0.00E+00&0.00E+00&0.00E+00&1.00E+00&0.00E+00&0.00E+00&9.94E-01&0.00E+00&1.00E+00&0.00E+00&0.00E+00&0.00E+00&0.00E+00&9.94E-01&0.00E+00&0.00E+00&0.00E+00&0.00E+00&0.00E+00&0.00E+00&9.94E-01&5.56E-03&0.00E+00&0.00E+00&0.00E+00&0.00E+00&0.00E+00&0.00E+00&0.00E+00&0.00E+00&0.00E+00&0.00E+00&5.56E-03&0.00E+00&0.00E+00&0.00E+00&0.00E+00	3.16E-07	1.20E+02      0.      0.
PNCRESOOH	4	2	234.05	NCRESOOH	6.87E+02	8.39E+00	3.00E-02	1.00E+00	1.30E-06	0	BOTH	&0.00E+00&0.00E+00&0.00E+00&0.00E+00&0.00E+00&0.00E+00&0.00E+00&0.00E+00&0.00E+00&0.00E+00&0.00E+00&0.00E+00&9.39E-01&0.00E+00&0.00E+00&0.00E+00&0.00E+00&9.39E-01&0.00E+00&6.08E-02&0.00E+00&0.00E+00&0.00E+00&0.00E+00&0.00E+00&0.00E+00&9.39E-01&0.00E+00&0.00E+00&6.08E-02&6.08E-02&0.00E+00&0.00E+00&0.00E+00&0.00E+00&0.00E+00&0.00E+00&0.00E+00&0.00E+00&0.00E+00&1.00E+00&0.00E+00&0.00E+00&6.08E-02&9.39E-01&0.00E+00&0.00E+00&0.00E+00&0.00E+00&0.00E+00&0.00E+00&0.00E+00&9.39E-01&0.00E+00&0.00E+00&0.00E+00&0.00E+00&0.00E+00&0.00E+00&0.00E+00	1.39E-06	1.15E+02      0.      0.
PTLEMUCNO3	4	2	219.15	TLEMUCNO3	6.87E+02	8.39E+00	3.00E-02	1.00E+00	1.30E-06	0	BOTH	&0.00E+00&0.00E+00&0.00E+00&0.00E+00&0.00E+00&0.00E+00&1.00E+00&0.00E+00&0.00E+00&0.00E+00&1.00E+00&0.00E+00&0.00E+00&0.00E+00&0.00E+00&0.00E+00&0.00E+00&0.00E+00&0.00E+00&0.00E+00&0.00E+00&0.00E+00&0.00E+00&0.00E+00&0.00E+00&0.00E+00&1.00E+00&0.00E+00&0.00E+00&1.00E+00&0.00E+00&1.00E+00&0.00E+00&0.00E+00&0.00E+00&0.00E+00&1.00E+00&0.00E+00&0.00E+00&0.00E+00&1.00E+00&0.00E+00&0.00E+00&0.00E+00&0.00E+00&0.00E+00&0.00E+00&0.00E+00&0.00E+00&0.00E+00&0.00E+00&0.00E+00&0.00E+00&0.00E+00&0.00E+00&0.00E+00&0.00E+00&0.00E+00&0.00E+00&0.00E+00	3.20E-06	1.10E+02      0.      0.
PMNCATECH	4	2	169.13	MNCATECH	6.87E+02	8.39E+00	3.00E-02	1.00E+00	1.30E-06	0	BOTH	&0.00E+00&0.00E+00&0.00E+00&0.00E+00&0.00E+00&0.00E+00&0.00E+00&0.00E+00&0.00E+00&0.00E+00&0.00E+00&0.00E+00&0.00E+00&0.00E+00&0.00E+00&0.00E+00&0.00E+00&0.00E+00&0.00E+00&0.00E+00&0.00E+00&2.00E+00&0.00E+00&1.00E+00&0.00E+00&0.00E+00&0.00E+00&0.00E+00&2.00E+00&0.00E+00&0.00E+00&0.00E+00&0.00E+00&0.00E+00&0.00E+00&0.00E+00&0.00E+00&0.00E+00&1.00E+00&0.00E+00&0.00E+00&0.00E+00&0.00E+00&0.00E+00&0.00E+00&0.00E+00&0.00E+00&0.00E+00&0.00E+00&0.00E+00&0.00E+00&0.00E+00&0.00E+00&0.00E+00&0.00E+00&0.00E+00&0.00E+00&0.00E+00&0.00E+00&0.00E+00	1.53E-04	8.99E+01      0.      0.
PNTLFUOOH	4	2	191.22	NTLFUOOH	6.87E+02	8.39E+00	3.00E-02	1.00E+00	1.30E-06	0	BOTH	&8.65E-01&0.00E+00&0.00E+00&0.00E+00&0.00E+00&0.00E+00&0.00E+00&0.00E+00&0.00E+00&0.00E+00&0.00E+00&0.00E+00&0.00E+00&0.00E+00&0.00E+00&0.00E+00&0.00E+00&0.00E+00&0.00E+00&0.00E+00&0.00E+00&0.00E+00&0.00E+00&0.00E+00&0.00E+00&0.00E+00&0.00E+00&0.00E+00&0.00E+00&0.00E+00&0.00E+00&0.00E+00&0.00E+00&1.00E+00&0.00E+00&0.00E+00&0.00E+00&0.00E+00&0.00E+00&0.00E+00&1.00E+00&0.00E+00&0.00E+00&6.08E-01&3.92E-01&0.00E+00&0.00E+00&0.00E+00&0.00E+00&0.00E+00&0.00E+00&0.00E+00&0.00E+00&0.00E+00&0.00E+00&0.00E+00&0.00E+00&0.00E+00&0.00E+00&0.00E+00	6.67E-06	1.04E+02      0.      0.
PDNPHEN	4	2	190.14	DNPHEN	6.87E+02	8.39E+00	3.00E-02	1.00E+00	1.30E-06	0	BOTH	&0.00E+00&0.00E+00&0.00E+00&0.00E+00&0.00E+00&0.00E+00&0.00E+00&0.00E+00&0.00E+00&0.00E+00&0.00E+00&0.00E+00&0.00E+00&0.00E+00&0.00E+00&0.00E+00&0.00E+00&0.00E+00&0.00E+00&0.00E+00&0.00E+00&2.57E+00&0.00E+00&4.30E-01&0.00E+00&0.00E+00&0.00E+00&0.00E+00&1.00E+00&0.00E+00&0.00E+00&0.00E+00&0.00E+00&0.00E+00&0.00E+00&0.00E+00&0.00E+00&0.00E+00&2.00E+00&0.00E+00&0.00E+00&0.00E+00&0.00E+00&0.00E+00&0.00E+00&0.00E+00&0.00E+00&0.00E+00&0.00E+00&0.00E+00&0.00E+00&0.00E+00&0.00E+00&0.00E+00&0.00E+00&0.00E+00&0.00E+00&0.00E+00&0.00E+00&0.00E+00	1.49E-04	8.81E+01      0.      0.
PMNNCATCOOH	4	2	296.42	MNNCATCOOH	6.87E+02	8.39E+00	3.00E-02	1.00E+00	1.30E-06	0	BOTH	&0.00E+00&0.00E+00&0.00E+00&0.00E+00&0.00E+00&0.00E+00&0.00E+00&0.00E+00&0.00E+00&0.00E+00&0.00E+00&0.00E+00&0.00E+00&0.00E+00&0.00E+00&0.00E+00&0.00E+00&0.00E+00&0.00E+00&1.29E-02&9.87E-01&0.00E+00&0.00E+00&0.00E+00&0.00E+00&0.00E+00&1.99E+00&0.00E+00&0.00E+00&0.00E+00&0.00E+00&0.00E+00&0.00E+00&0.00E+00&0.00E+00&0.00E+00&0.00E+00&0.00E+00&0.00E+00&0.00E+00&9.99E-01&0.00E+00&0.00E+00&0.00E+00&1.00E+00&0.00E+00&0.00E+00&0.00E+00&0.00E+00&0.00E+00&0.00E+00&0.00E+00&9.91E-01&9.37E-03&0.00E+00&0.00E+00&0.00E+00&0.00E+00&1.29E-02&1.00E+00	1.13E-11	1.69E+02      0.      0.
PNC4MDCO2H	4	2	159.10	NC4MDCO2H	6.87E+02	8.39E+00	3.00E-02	1.00E+00	1.30E-06	0	BOTH	&0.00E+00&0.00E+00&0.00E+00&0.00E+00&0.00E+00&0.00E+00&0.00E+00&0.00E+00&0.00E+00&0.00E+00&0.00E+00&0.00E+00&0.00E+00&0.00E+00&0.00E+00&0.00E+00&0.00E+00&0.00E+00&0.00E+00&0.00E+00&1.00E+00&0.00E+00&0.00E+00&0.00E+00&0.00E+00&0.00E+00&0.00E+00&0.00E+00&0.00E+00&0.00E+00&0.00E+00&1.00E+00&0.00E+00&0.00E+00&0.00E+00&0.00E+00&0.00E+00&1.00E+00&0.00E+00&0.00E+00&0.00E+00&0.00E+00&0.00E+00&0.00E+00&0.00E+00&0.00E+00&0.00E+00&0.00E+00&0.00E+00&0.00E+00&0.00E+00&0.00E+00&0.00E+00&0.00E+00&0.00E+00&0.00E+00&0.00E+00&0.00E+00&1.00E+00&0.00E+00	4.04E-05	9.73E+01      0.      0.
PMNCATECOOH	4	2	251.32	MNCATECOOH	6.87E+02	8.39E+00	3.00E-02	1.00E+00	1.30E-06	0	BOTH	&0.00E+00&0.00E+00&0.00E+00&0.00E+00&0.00E+00&0.00E+00&9.94E-01&0.00E+00&0.00E+00&0.00E+00&0.00E+00&0.00E+00&0.00E+00&0.00E+00&0.00E+00&0.00E+00&0.00E+00&0.00E+00&0.00E+00&5.98E-03&9.94E-01&0.00E+00&0.00E+00&0.00E+00&0.00E+00&0.00E+00&2.99E+00&0.00E+00&0.00E+00&0.00E+00&0.00E+00&0.00E+00&0.00E+00&0.00E+00&0.00E+00&0.00E+00&0.00E+00&0.00E+00&0.00E+00&0.00E+00&0.00E+00&0.00E+00&0.00E+00&0.00E+00&1.00E+00&0.00E+00&0.00E+00&0.00E+00&0.00E+00&0.00E+00&0.00E+00&0.00E+00&9.94E-01&5.98E-03&0.00E+00&0.00E+00&0.00E+00&0.00E+00&5.98E-03&1.00E+00	1.70E-11	1.68E+02      0.      0.
PH2O	    9    0              18.0 	--           1.000D10        1.000D10        0.d0      1.0      1.00D-06	      0            --            -          0.        0.      0.      0.
