(fort10_06b) UCI J-v8.4 (4/06) JPL026+irHNO4+IUPAC/NO2/VOC+Blitz +flux2006     
NW-JValues   36   36   18    1   18  NJVAL,NQQQ, NWWW, NW1:NW2=01:18 or 12:18
w-eff (nm)      187.      191.      193.      196.      202.      208.
                211.      214.      261.      267.      277.      295.
                303.      310.      316.      333.      380.      574.
SOL#/cm2/s 1.391E+12 1.627E+12 1.664E+12 9.278E+11 7.842E+12 4.680E+12
           9.918E+12 1.219E+13 6.364E+14 4.049E+14 3.150E+14 5.889E+14
           7.678E+14 5.045E+14 8.902E+14 3.853E+15 1.547E+16 2.131E+17
Raylay cm2 5.073E-25 4.479E-25 4.196E-25 3.906E-25 3.355E-25 2.929E-25
           2.736E-25 2.581E-25 1.049E-25 9.492E-26 8.103E-26 6.131E-26
           5.422E-26 4.923E-26 4.514E-26 3.643E-26 2.087E-26 3.848E-27
O2     180 1.727E-21 1.989E-22 3.004E-23 9.833E-24 7.306E-24 6.835E-24
           6.243E-24 5.804E-24 8.662E-26 5.040E-25 4.163E-25 0.000E+00
           0.000E+00 0.000E+00 0.000E+00 0.000E+00 0.000E+00 0.000E+00
O2     260 2.273E-21 3.070E-22 4.943E-23 1.408E-23 7.688E-24 6.835E-24
           6.243E-24 5.886E-24 8.662E-26 5.040E-25 4.163E-25 0.000E+00
           0.000E+00 0.000E+00 0.000E+00 0.000E+00 0.000E+00 0.000E+00
O2     300 2.763E-21 4.269E-22 7.478E-23 2.100E-23 8.350E-24 6.835E-24
           6.243E-24 5.992E-24 8.662E-26 5.040E-25 4.163E-25 0.000E+00
           0.000E+00 0.000E+00 0.000E+00 0.000E+00 0.000E+00 0.000E+00
O3_CS  218 1.312E-20 4.605E-20 1.052E-19 1.743E-19 3.301E-19 4.778E-19
           6.597E-19 9.320E-19 8.806E-18 3.535E-18 1.555E-18 7.865E-19
           2.514E-19 8.897E-20 3.782E-20 5.012E-21 5.943E-28 0.000E+00
O3_CS  298 2.554E-19 3.959E-19 4.311E-19 3.700E-19 3.433E-19 4.770E-19
           6.567E-19 9.328E-19 8.934E-18 3.642E-18 1.634E-18 8.527E-19
           2.841E-19 1.057E-19 4.531E-20 6.651E-21 5.880E-23 1.611E-21
O3_CS  300 2.554E-19 3.959E-19 4.311E-19 3.700E-19 3.433E-19 4.770E-19
           6.567E-19 9.328E-19 8.934E-18 3.642E-18 1.634E-18 8.527E-19
           2.841E-19 1.057E-19 4.531E-20 6.651E-21 5.880E-23 1.611E-21
O3O1D  218 9.000E-01 9.000E-01 9.000E-01 9.000E-01 9.000E-01 9.000E-01
           9.000E-01 9.000E-01 9.000E-01 9.000E-01 9.000E-01 9.000E-01
           9.000E-01 4.070E-01 9.637E-02 8.000E-02 1.000E-02 1.000E-02
O3O1D  298 9.000E-01 9.000E-01 9.000E-01 9.000E-01 9.000E-01 9.000E-01
           9.000E-01 9.000E-01 9.000E-01 9.000E-01 9.000E-01 9.000E-01 
           9.000E-01 5.200E-01 2.300E-01 8.000E-02 1.000E-02 1.000E-02
O3O1D  300 9.000E-01 9.000E-01 9.000E-01 9.000E-01 9.000E-01 9.000E-01
           9.000E-01 9.000E-01 9.000E-01 9.000E-01 9.000E-01 9.000E-01 
           9.000E-01 5.200E-01 2.300E-01 8.000E-02 1.000E-02 1.000E-02
O3O3P  218 1.312E-21 4.605E-21 1.052E-20 1.743E-20 3.301E-20 4.778E-20
           6.597E-20 9.320E-20 8.806E-19 3.535E-19 1.555E-19 7.865E-20
           2.660E-20 4.716E-20 3.389E-20 4.595E-21 5.468E-28 0.000E+00
O3O3P  298 2.554E-20 3.959E-20 4.311E-20 3.700E-20 3.433E-20 4.770E-20
           6.567E-20 9.328E-20 8.934E-19 3.642E-19 1.634E-19 8.527E-20
           2.969E-20 4.592E-20 3.461E-20 5.884E-21 1.002E-27 0.000E+00
NO2    294 0.000E+00 0.000E+00 0.000E+00 0.000E+00 0.000E+00 0.000E+00
           0.000E+00 0.000E+00 2.286E-20 4.725E-20 7.496E-20 1.072E-19
           1.454E-19 1.878E-19 2.269E-19 3.444E-19 4.677E-19 4.921E-22
NO2    294 0.000E+00 0.000E+00 0.000E+00 0.000E+00 0.000E+00 0.000E+00
           0.000E+00 0.000E+00 2.286E-20 4.725E-20 7.496E-20 1.072E-19
           1.454E-19 1.878E-19 2.269E-19 3.444E-19 4.677E-19 4.921E-22
HONO   298 7.091E-19 1.276E-18 1.579E-18 1.804E-18 2.150E-18 2.185E-18
           2.075E-18 1.913E-18 1.182E-19 1.759E-19 1.437E-19 5.605E-21
           9.673E-21 1.892E-20 2.968E-20 7.427E-20 6.464E-20 0.000E+00
HONO   298 7.091E-19 1.276E-18 1.579E-18 1.804E-18 2.150E-18 2.185E-18
           2.075E-18 1.913E-18 1.182E-19 1.759E-19 1.437E-19 5.605E-21
           9.673E-21 1.892E-20 2.968E-20 7.427E-20 6.464E-20 0.000E+00
HNO3   298 2.082E-18 4.530E-18 5.343E-18 8.783E-18 4.488E-18 1.583E-18
           8.596E-19 4.605E-19 1.872E-20 2.104E-20 2.267E-20 4.356E-21
           1.921E-21 8.245E-22 3.574E-22 4.817E-23 3.971E-25 0.000E+00
HNO3   298 2.082E-18 4.530E-18 5.343E-18 8.783E-18 4.488E-18 1.583E-18
           8.596E-19 4.605E-19 1.872E-20 2.104E-20 2.267E-20 4.356E-21
           1.921E-21 8.245E-22 3.574E-22 4.817E-23 3.971E-25 0.000E+00
HNO4   297 2.496E-18 4.999E-18 5.694E-18 7.479E-18 4.758E-18 2.864E-18
           2.231E-18 1.831E-18 2.812E-19 2.139E-19 1.515E-19 2.704E-20
           1.179E-20 5.685E-21 3.111E-21 8.301E-22 1.336E-23 0.000E+00
HNO4   297 2.496E-18 4.999E-18 5.694E-18 7.479E-18 4.758E-18 2.864E-18
           2.231E-18 1.831E-18 2.812E-19 2.139E-19 1.515E-19 2.704E-20
           1.179E-20 5.685E-21 3.111E-21 8.301E-22 1.336E-23 0.000E+00
NO3NO  298 0.000E+00 0.000E+00 0.000E+00 0.000E+00 0.000E+00 0.000E+00
           0.000E+00 0.000E+00 0.000E+00 0.000E+00 0.000E+00 0.000E+00
           0.000E+00 0.000E+00 0.000E+00 0.000E+00 0.000E+00 9.676E-20
NO3NO  298 0.000E+00 0.000E+00 0.000E+00 0.000E+00 0.000E+00 0.000E+00
           0.000E+00 0.000E+00 0.000E+00 0.000E+00 0.000E+00 0.000E+00
           0.000E+00 0.000E+00 0.000E+00 0.000E+00 0.000E+00 9.676E-20
NO3NO2 298 0.000E+00 0.000E+00 0.000E+00 0.000E+00 0.000E+00 0.000E+00
           0.000E+00 0.000E+00 0.000E+00 0.000E+00 0.000E+00 0.000E+00
           0.000E+00 0.000E+00 0.000E+00 0.000E+00 4.172E-21 7.690E-19
NO3NO2 298 0.000E+00 0.000E+00 0.000E+00 0.000E+00 0.000E+00 0.000E+00
           0.000E+00 0.000E+00 0.000E+00 0.000E+00 0.000E+00 0.000E+00
           0.000E+00 0.000E+00 0.000E+00 0.000E+00 4.172E-21 7.690E-19
H2O2   298 1.717E-19 3.475E-19 4.098E-19 5.431E-19 4.452E-19 3.761E-19
           3.459E-19 3.180E-19 5.492E-20 4.795E-20 3.437E-20 9.376E-21
           5.775E-21 3.912E-21 2.727E-21 1.143E-21 3.600E-23 0.000E+00
H2O2   298 1.717E-19 3.475E-19 4.098E-19 5.431E-19 4.452E-19 3.761E-19
           3.459E-19 3.180E-19 5.492E-20 4.795E-20 3.437E-20 9.376E-21
           5.775E-21 3.912E-21 2.727E-21 1.143E-21 3.600E-23 0.000E+00
HCHOmol 298 0.000E+00 0.000E+00 0.000E+00 0.000E+00 0.000E+00 0.000E+00
           0.000E+00 0.000E+00 3.365E-21 6.054E-21 6.357E-21 7.512E-21
           8.092E-21 3.924E-21 8.578E-21 9.848E-21 2.670E-22 0.000E+00
HCHOmol 298 0.000E+00 0.000E+00 0.000E+00 0.000E+00 0.000E+00 0.000E+00
           0.000E+00 0.000E+00 3.365E-21 6.054E-21 6.357E-21 7.512E-21
           8.092E-21 3.924E-21 8.578E-21 9.848E-21 2.670E-22 0.000E+00
HCHOrad 298 0.000E+00 0.000E+00 0.000E+00 0.000E+00 0.000E+00 0.000E+00
           0.000E+00 0.000E+00 3.244E-21 1.084E-20 1.527E-20 2.116E-20
           2.552E-20 1.109E-20 1.754E-20 8.489E-21 2.670E-22 0.000E+00
HCHOrad 298 0.000E+00 0.000E+00 0.000E+00 0.000E+00 0.000E+00 0.000E+00
           0.000E+00 0.000E+00 3.244E-21 1.084E-20 1.527E-20 2.116E-20
           2.552E-20 1.109E-20 1.754E-20 8.489E-21 2.670E-22 0.000E+00
ACD    298 0.000E+00 0.000E+00 0.000E+00 0.000E+00 0.000E+00 0.000E+00
           0.000E+00 0.000E+00 9.238E-21 2.131E-20 2.337E-20 2.172E-20
           1.437E-20 8.085E-21 3.246E-21 2.201E-22 0.000E+00 0.000E+00
ACD    298 0.000E+00 0.000E+00 0.000E+00 0.000E+00 0.000E+00 0.000E+00
           0.000E+00 0.000E+00 9.238E-21 2.131E-20 2.337E-20 2.172E-20
           1.437E-20 8.085E-21 3.246E-21 2.201E-22 0.000E+00 0.000E+00
ALD    298 0.000E+00 0.000E+00 0.000E+00 0.000E+00 0.000E+00 0.000E+00
           0.000E+00 0.000E+00 2.249E-20 4.044E-20 4.622E-20 4.899E-20
           3.750E-20 2.115E-20 1.081E-20 1.314E-21 0.000E+00 0.000E+00
ALD    298 0.000E+00 0.000E+00 0.000E+00 0.000E+00 0.000E+00 0.000E+00
           0.000E+00 0.000E+00 2.249E-20 4.044E-20 4.622E-20 4.899E-20
           3.750E-20 2.115E-20 1.081E-20 1.314E-21 0.000E+00 0.000E+00
ACT    298 0.000E+00 0.000E+00 0.000E+00 0.000E+00 0.000E+00 0.000E+00
           0.000E+00 0.000E+00 3.255E-20 3.407E-20 2.870E-20 2.348E-20
           1.103E-20 2.824E-21 5.946E-22 2.577E-23 0.000E+00 0.000E+00
ACT    298 0.000E+00 0.000E+00 0.000E+00 0.000E+00 0.000E+00 0.000E+00
           0.000E+00 0.000E+00 3.255E-20 3.407E-20 2.870E-20 2.348E-20
           1.103E-20 2.824E-21 5.946E-22 2.577E-23 0.000E+00 0.000E+00
MEK    298 0.000E+00 0.000E+00 0.000E+00 0.000E+00 0.000E+00 0.000E+00
           0.000E+00 0.000E+00 4.075E-20 4.621E-20 4.502E-20 4.145E-20
           2.672E-20 1.559E-20 7.737E-21 7.998E-22 0.000E+00 0.000E+00
MEK    298 0.000E+00 0.000E+00 0.000E+00 0.000E+00 0.000E+00 0.000E+00
           0.000E+00 0.000E+00 4.075E-20 4.621E-20 4.502E-20 4.145E-20
           2.672E-20 1.559E-20 7.737E-21 7.998E-22 0.000E+00 0.000E+00
KET    298 0.000E+00 0.000E+00 0.000E+00 0.000E+00 0.000E+00 0.000E+00
           0.000E+00 0.000E+00 4.075E-20 4.621E-20 4.502E-20 4.145E-20
           2.672E-20 1.559E-20 7.737E-21 7.998E-22 0.000E+00 0.000E+00
KET    298 0.000E+00 0.000E+00 0.000E+00 0.000E+00 0.000E+00 0.000E+00
           0.000E+00 0.000E+00 4.075E-20 4.621E-20 4.502E-20 4.145E-20
           2.672E-20 1.559E-20 7.737E-21 7.998E-22 0.000E+00 0.000E+00
HKET   298 0.000E+00 0.000E+00 0.000E+00 0.000E+00 0.000E+00 0.000E+00
           0.000E+00 0.000E+00 3.716E-20 2.608E-20 1.830E-20 1.290E-20
           4.893E-21 1.893E-21 9.190E-22 2.306E-22 0.000E+00 0.000E+00
HKET   298 0.000E+00 0.000E+00 0.000E+00 0.000E+00 0.000E+00 0.000E+00
           0.000E+00 0.000E+00 3.716E-20 2.608E-20 1.830E-20 1.290E-20
           4.893E-21 1.893E-21 9.190E-22 2.306E-22 0.000E+00 0.000E+00
MACR   298 0.000E+00 0.000E+00 0.000E+00 0.000E+00 0.000E+00 0.000E+00
           0.000E+00 0.000E+00 2.379E-23 7.713E-23 1.408E-22 2.128E-22
           3.154E-22 3.998E-22 4.714E-22 5.223E-22 1.103E-22 0.000E+00
MACR   298 0.000E+00 0.000E+00 0.000E+00 0.000E+00 0.000E+00 0.000E+00
           0.000E+00 0.000E+00 2.379E-23 7.713E-23 1.408E-22 2.128E-22
           3.154E-22 3.998E-22 4.714E-22 5.223E-22 1.103E-22 0.000E+00
MVK    298 0.000E+00 0.000E+00 0.000E+00 0.000E+00 0.000E+00 0.000E+00
           0.000E+00 0.000E+00 0.000E+00 3.555E-22 4.913E-22 5.236E-22
           4.759E-22 4.099E-22 3.147E-22 1.538E-22 7.016E-24 0.000E+00
MVK    298 0.000E+00 0.000E+00 0.000E+00 0.000E+00 0.000E+00 0.000E+00
           0.000E+00 0.000E+00 0.000E+00 3.555E-22 4.913E-22 5.236E-22
           4.759E-22 4.099E-22 3.147E-22 1.538E-22 7.016E-24 0.000E+00
UALD   298 0.000E+00 0.000E+00 0.000E+00 0.000E+00 0.000E+00 0.000E+00
           0.000E+00 0.000E+00 1.127E-22 3.388E-22 5.731E-22 8.195E-22
           1.170E-21 1.442E-21 1.668E-21 1.798E-21 3.573E-22 0.000E+00
UALD   298 0.000E+00 0.000E+00 0.000E+00 0.000E+00 0.000E+00 0.000E+00
           0.000E+00 0.000E+00 1.127E-22 3.388E-22 5.731E-22 8.195E-22
           1.170E-21 1.442E-21 1.668E-21 1.798E-21 3.573E-22 0.000E+00
GLYHO2 296 0.000E+00 0.000E+00 0.000E+00 0.000E+00 0.000E+00 0.000E+00
           0.000E+00 0.000E+00 5.545E-21 8.815E-21 1.127E-20 1.293E-20
           1.301E-20 1.269E-20 1.122E-20 6.125E-21 1.694E-21 4.741E-23
GLYHO2 296 0.000E+00 0.000E+00 0.000E+00 0.000E+00 0.000E+00 0.000E+00
           0.000E+00 0.000E+00 5.545E-21 8.815E-21 1.127E-20 1.293E-20
           1.301E-20 1.269E-20 1.122E-20 6.125E-21 1.694E-21 4.741E-23
GLYH2  296 0.000E+00 0.000E+00 0.000E+00 0.000E+00 0.000E+00 0.000E+00
           0.000E+00 0.000E+00 6.444E-21 7.430E-21 8.003E-21 7.855E-21
           6.162E-21 4.653E-21 3.212E-21 9.002E-22 1.266E-23 0.000E+00
GLYH2  296 0.000E+00 0.000E+00 0.000E+00 0.000E+00 0.000E+00 0.000E+00
           0.000E+00 0.000E+00 6.444E-21 7.430E-21 8.003E-21 7.855E-21
           6.162E-21 4.653E-21 3.212E-21 9.002E-22 1.266E-23 0.000E+00
GLYHCHO 296 0.000E+00 0.000E+00 0.000E+00 0.000E+00 0.000E+00 0.000E+00
           0.000E+00 0.000E+00 7.215E-21 1.188E-20 1.503E-20 1.696E-20
           1.621E-20 1.462E-20 1.167E-20 4.137E-21 2.615E-22 9.258E-25
GLYHCHO 296 0.000E+00 0.000E+00 0.000E+00 0.000E+00 0.000E+00 0.000E+00
           0.000E+00 0.000E+00 7.215E-21 1.188E-20 1.503E-20 1.696E-20
           1.621E-20 1.462E-20 1.167E-20 4.137E-21 2.615E-22 9.258E-25
MGLY   298 0.000E+00 0.000E+00 0.000E+00 0.000E+00 0.000E+00 0.000E+00
           0.000E+00 0.000E+00 3.463E-20 4.148E-20 4.342E-20 4.365E-20
           3.466E-20 2.424E-20 1.792E-20 6.219E-21 2.250E-20 1.074E-21
MGLY   298 0.000E+00 0.000E+00 0.000E+00 0.000E+00 0.000E+00 0.000E+00
           0.000E+00 0.000E+00 3.463E-20 4.148E-20 4.342E-20 4.365E-20
           3.466E-20 2.424E-20 1.792E-20 6.219E-21 2.250E-20 1.074E-21
DCB1   298 0.000E+00 0.000E+00 0.000E+00 0.000E+00 0.000E+00 0.000E+00
           0.000E+00 0.000E+00 3.463E-20 4.148E-20 4.342E-20 4.365E-20
           3.466E-20 2.424E-20 1.792E-20 6.219E-21 2.250E-20 1.074E-21
DCB1   298 0.000E+00 0.000E+00 0.000E+00 0.000E+00 0.000E+00 0.000E+00
           0.000E+00 0.000E+00 3.463E-20 4.148E-20 4.342E-20 4.365E-20
           3.466E-20 2.424E-20 1.792E-20 6.219E-21 2.250E-20 1.074E-21
DCB2   298 0.000E+00 0.000E+00 0.000E+00 0.000E+00 0.000E+00 0.000E+00
           0.000E+00 0.000E+00 3.463E-20 4.148E-20 4.342E-20 4.365E-20
           3.466E-20 2.424E-20 1.792E-20 6.219E-21 2.250E-20 1.074E-21
DCB2   298 0.000E+00 0.000E+00 0.000E+00 0.000E+00 0.000E+00 0.000E+00
           0.000E+00 0.000E+00 3.463E-20 4.148E-20 4.342E-20 4.365E-20
           3.466E-20 2.424E-20 1.792E-20 6.219E-21 2.250E-20 1.074E-21
DCB3   298 0.000E+00 0.000E+00 0.000E+00 0.000E+00 0.000E+00 0.000E+00
           0.000E+00 0.000E+00 3.463E-20 4.148E-20 4.342E-20 4.365E-20
           3.466E-20 2.424E-20 1.792E-20 6.219E-21 2.250E-20 1.074E-21
DCB3   298 0.000E+00 0.000E+00 0.000E+00 0.000E+00 0.000E+00 0.000E+00
           0.000E+00 0.000E+00 3.463E-20 4.148E-20 4.342E-20 4.365E-20
           3.466E-20 2.424E-20 1.792E-20 6.219E-21 2.250E-20 1.074E-21
BALD   298 0.000E+00 0.000E+00 0.000E+00 0.000E+00 0.000E+00 0.000E+00
           0.000E+00 0.000E+00 0.000E+00 1.187E-19 1.173E-19 2.839E-20
           4.466E-21 4.249E-21 5.107E-21 5.518E-21 9.430E-22 0.000E+00
BALD   298 0.000E+00 0.000E+00 0.000E+00 0.000E+00 0.000E+00 0.000E+00
           0.000E+00 0.000E+00 0.000E+00 1.187E-19 1.173E-19 2.839E-20
           4.466E-21 4.249E-21 5.107E-21 5.518E-21 9.430E-22 0.000E+00
OP1    298 0.000E+00 0.000E+00 0.000E+00 0.000E+00 0.000E+00 1.409E-19
           2.818E-19 2.214E-19 2.712E-20 2.620E-20 2.075E-20 5.491E-21
           3.520E-21 2.401E-21 1.699E-21 7.297E-22 4.563E-23 0.000E+00
OP1    298 0.000E+00 0.000E+00 0.000E+00 0.000E+00 0.000E+00 1.409E-19
           2.818E-19 2.214E-19 2.712E-20 2.620E-20 2.075E-20 5.491E-21
           3.520E-21 2.401E-21 1.699E-21 7.297E-22 4.563E-23 0.000E+00
OP2    298 0.000E+00 0.000E+00 0.000E+00 0.000E+00 0.000E+00 1.409E-19
           2.818E-19 2.214E-19 2.712E-20 2.620E-20 2.075E-20 5.491E-21
           3.520E-21 2.401E-21 1.699E-21 7.297E-22 4.563E-23 0.000E+00
OP2    298 0.000E+00 0.000E+00 0.000E+00 0.000E+00 0.000E+00 1.409E-19
           2.818E-19 2.214E-19 2.712E-20 2.620E-20 2.075E-20 5.491E-21
           3.520E-21 2.401E-21 1.699E-21 7.297E-22 4.563E-23 0.000E+00
PAA    298 0.000E+00 0.000E+00 0.000E+00 0.000E+00 0.000E+00 3.642E-22
           2.276E-19 2.872E-19 1.928E-20 2.189E-20 2.055E-20 1.920E-21
           1.008E-21 5.878E-22 3.674E-22 1.050E-22 4.474E-29 0.000E+00
PAA    298 0.000E+00 0.000E+00 0.000E+00 0.000E+00 0.000E+00 3.642E-22
           2.276E-19 2.872E-19 1.928E-20 2.189E-20 2.055E-20 1.920E-21
           1.008E-21 5.878E-22 3.674E-22 1.050E-22 4.474E-29 0.000E+00
ONIT   298 0.000E+00 0.000E+00 0.000E+00 0.000E+00 0.000E+00 0.000E+00
           0.000E+00 0.000E+00 5.044E-20 2.284E-20 1.664E-20 1.278E-20
           6.369E-21 3.144E-21 1.516E-21 2.232E-22 1.218E-24 0.000E+00
ONIT   298 0.000E+00 0.000E+00 0.000E+00 0.000E+00 0.000E+00 0.000E+00
           0.000E+00 0.000E+00 5.044E-20 2.284E-20 1.664E-20 1.278E-20
           6.369E-21 3.144E-21 1.516E-21 2.232E-22 1.218E-24 0.000E+00
PANNO2 298 3.829E-19 9.683E-19 1.493E-18 2.611E-18 2.551E-18 1.782E-18
           1.417E-18 1.093E-18 5.543E-20 7.379E-20 6.889E-20 2.203E-21
           8.580E-22 4.018E-22 2.198E-22 5.689E-23 1.127E-24 0.000E+00
PANNO2 298 3.829E-19 9.683E-19 1.493E-18 2.611E-18 2.551E-18 1.782E-18
           1.417E-18 1.093E-18 5.543E-20 7.379E-20 6.889E-20 2.203E-21
           8.580E-22 4.018E-22 2.198E-22 5.689E-23 1.127E-24 0.000E+00
PANNO3 298 9.572E-20 2.421E-19 3.732E-19 6.527E-19 6.389E-19 4.683E-19
           3.908E-19 3.158E-19 2.464E-20 2.680E-20 2.220E-20 1.334E-21
           5.667E-22 2.679E-22 1.466E-22 3.793E-23 7.515E-25 0.000E+00
PANNO3 298 9.572E-20 2.421E-19 3.732E-19 6.527E-19 6.389E-19 4.683E-19
           3.908E-19 3.158E-19 2.464E-20 2.680E-20 2.220E-20 1.334E-21
           5.667E-22 2.679E-22 1.466E-22 3.793E-23 7.515E-25 0.000E+00