1.0
186.1    0.0    0.0
187.8    0.0    0.0
189.6    0.0    0.0
191.4    0.0    0.0
193.3    0.0    0.0
195.2    0.0    0.0
197.1    0.0    0.0
199.0    0.0    0.0
201.0    0.0    0.0
203.1    4.9e-22    0.0
205.2    4.9e-22    0.0
207.3    5.1e-22    0.0
209.4    5.5e-22    0.0
211.7    6.3e-22    0.0
213.9    6.9e-22    0.0
216.2    7.5e-22    0.0
218.6    8e-22    0.0
221.0    8.8e-22    0.0
223.5    1.03e-22    0.0
226.0    1.15e-21    0.0
228.6    1.51e-21    0.0
231.3    1.87e-21    0.0
234.0    2.57e-21    0.0
236.7    3.7e-21    0.0
239.6    5.14e-21    0.0
242.5    6.22e-21    0.0
245.4    8.37e-21    0.0
248.5    1.89e-20    0.0
251.6    1.516e-20    0.0
254.8    1.871e-20    0.0
258.2    2.25e-20    0.0
261.5    2.88e-20    0.89
265.0    3.29e-20    0.89
268.5    3.78e-20    0.89
272.2    4.36e-20    0.89
275.9    4.88e-20    0.89
279.8    5.16e-20    0.89
283.7    5.78e-20    0.89
287.8    5.59e-20    0.89
292.0    5.81e-20    0.89
296.3    5.37e-20    0.883
300.5    5.04e-20    0.867
303.0    4.94e-20    0.8264
304.0    4.69e-20    0.798
305.0    4.32e-20    0.766
306.0    4.04e-20    0.732
307.0    3.81e-20    0.6965
308.0    3.65e-20    0.6605
309.0    3.62e-20    0.625
310.0    3.6e-20    0.5907
311.0    3.53e-20    0.558
312.0    3.5e-20    0.5275
313.0    3.32e-20    0.5
314.0    3.06e-20    0.475
316.0    2.43e-20    0.4293
320.0    1.83e-20    0.3482
325.0    1.3e-20    0.26
330.0    5.75e-21    0.1936
335.0    3.25e-21    0.0
340.0    1.55e-21    0.0
345.0    2.5e-22    0.0
350.0    1e-22    0.0
355.0    2e-23    0.0
360.0    0.0    0.0
365.0    0.0    0.0
370.0    0.0    0.0
375.0    0.0    0.0
380.0    0.0    0.0
385.0    0.0    0.0
390.0    0.0    0.0
395.0    0.0    0.0
400.0    0.0    0.0
405.0    0.0    0.0
410.0    0.0    0.0
415.0    0.0    0.0
420.0    0.0    0.0
425.0    0.0    0.0
430.0    0.0    0.0
435.0    0.0    0.0
440.0    0.0    0.0
445.0    0.0    0.0
450.0    0.0    0.0
455.0    0.0    0.0
460.0    0.0    0.0
465.0    0.0    0.0
470.0    0.0    0.0
475.0    0.0    0.0
480.0    0.0    0.0
485.0    0.0    0.0
490.0    0.0    0.0
495.0    0.0    0.0
500.0    0.0    0.0
505.0    0.0    0.0
510.0    0.0    0.0
515.0    0.0    0.0
520.0    0.0    0.0
525.0    0.0    0.0
530.0    0.0    0.0
535.0    0.0    0.0
540.0    0.0    0.0
545.0    0.0    0.0
550.0    0.0    0.0
555.0    0.0    0.0
560.0    0.0    0.0
565.0    0.0    0.0
570.0    0.0    0.0
575.0    0.0    0.0
580.0    0.0    0.0
585.0    0.0    0.0
590.0    0.0    0.0
595.0    0.0    0.0
600.0    0.0    0.0
605.0    0.0    0.0
610.0    0.0    0.0
615.0    0.0    0.0
620.0    0.0    0.0
625.0    0.0    0.0
630.0    0.0    0.0
635.0    0.0    0.0
640.0    0.0    0.0
644.8    0.0    0.0
651.0    0.0    0.0
660.0    0.0    0.0
670.0    0.0    0.0
680.0    0.0    0.0
690.0    0.0    0.0
700.0    0.0    0.0
710.0    0.0    0.0
720.0    0.0    0.0
730.0    0.0    0.0
