1.0
186.1    0.0    0.0
187.8    0.0    0.0
189.6    0.0    0.0
191.4    0.0    0.0
193.3    0.0    0.0
195.2    0.0    0.0
197.1    0.0    0.0
199.0    0.0    0.0
201.0    0.0    0.0
203.1    0.0    0.0
205.2    0.0    0.0
207.3    0.0    0.0
209.4    0.0    0.0
211.7    0.0    0.0
213.9    0.0    0.0
216.2    0.0    0.0
218.6    0.0    0.0
221.0    0.0    0.0
223.5    0.0    0.0
226.0    0.0    0.0
228.6    0.0    0.0
231.3    0.0    0.0
234.0    0.0    0.0
236.7    0.0    0.0
239.6    0.0    0.0
242.5    0.0    0.0
245.4    0.0    0.0
248.5    0.0    0.0
251.6    0.0    0.0
254.8    0.0    0.0
258.2    0.0    0.0
261.5    0.0    0.0
265.0    0.0    0.0
268.5    0.0    0.0
272.2    0.0    0.0
275.9    0.0    0.0
279.8    3.49e-18    0.06
283.7    2.66e-18    0.06
287.8    2.81e-18    0.06
292.0    8.25e-19    0.06
296.3    1.57e-19    0.06
300.5    6.9e-20    0.06
303.0    6.6e-20    0.06
304.0    6.8e-20    0.06
305.0    7.1e-20    0.06
306.0    7.3e-20    0.06
307.0    7.4e-20    0.06
308.0    7.4e-20    0.06
309.0    7.3e-20    0.06
310.0    7.2e-20    0.06
311.0    6.8e-20    0.06
312.0    6.8e-20    0.06
313.0    7e-20    0.06
314.0    8.1e-20    0.06
316.0    9.2e-20    0.06
320.0    8.6e-20    0.06
325.0    9.7e-20    0.06
330.0    9.3e-20    0.06
335.0    8.9e-20    0.06
340.0    1e-19    0.06
345.0    7.4e-20    0.06
350.0    6.3e-20    0.06
355.0    7.3e-20    0.06
360.0    3.3e-20    0.06
365.0    2.4e-20    0.06
370.0    3.6e-20    0.06
375.0    9.9e-21    0.0
380.0    0.0    0.0
385.0    0.0    0.0
390.0    0.0    0.0
395.0    0.0    0.0
400.0    0.0    0.0
405.0    0.0    0.0
410.0    0.0    0.0
415.0    0.0    0.0
420.0    0.0    0.0
425.0    0.0    0.0
430.0    0.0    0.0
435.0    0.0    0.0
440.0    0.0    0.0
445.0    0.0    0.0
450.0    0.0    0.0
455.0    0.0    0.0
460.0    0.0    0.0
465.0    0.0    0.0
470.0    0.0    0.0
475.0    0.0    0.0
480.0    0.0    0.0
485.0    0.0    0.0
490.0    0.0    0.0
495.0    0.0    0.0
500.0    0.0    0.0
505.0    0.0    0.0
510.0    0.0    0.0
515.0    0.0    0.0
520.0    0.0    0.0
525.0    0.0    0.0
530.0    0.0    0.0
535.0    0.0    0.0
540.0    0.0    0.0
545.0    0.0    0.0
550.0    0.0    0.0
555.0    0.0    0.0
560.0    0.0    0.0
565.0    0.0    0.0
570.0    0.0    0.0
575.0    0.0    0.0
580.0    0.0    0.0
585.0    0.0    0.0
590.0    0.0    0.0
595.0    0.0    0.0
600.0    0.0    0.0
605.0    0.0    0.0
610.0    0.0    0.0
615.0    0.0    0.0
620.0    0.0    0.0
625.0    0.0    0.0
630.0    0.0    0.0
635.0    0.0    0.0
640.0    0.0    0.0
644.8    0.0    0.0
651.0    0.0    0.0
660.0    0.0    0.0
670.0    0.0    0.0
680.0    0.0    0.0
690.0    0.0    0.0
700.0    0.0    0.0
710.0    0.0    0.0
720.0    0.0    0.0
730.0    0.0    0.0
