1.0
186.1    0.0    0.0
187.8    0.0    0.0
189.6    0.0    0.0
191.4    0.0    0.0
193.3    0.0    0.0
195.2    0.0    0.0
197.1    0.0    0.0
199.0    0.0    0.0
201.0    0.0    0.0
203.1    5.52e-22    0.0
205.2    5.36e-22    0.0
207.3    5.17e-22    0.0
209.4    4.96e-22    0.0
211.7    4.86e-22    0.0
213.9    4.8e-22    0.0
216.2    5.02e-22    0.0
218.6    5.4e-22    0.0
221.0    6.18e-22    0.0
223.5    7.66e-22    0.0
226.0    9.6e-22    0.0
228.6    1.32e-21    0.0
231.3    1.8e-21    0.0
234.0    2.41e-21    0.0
236.7    3.31e-21    0.0
239.6    4.81e-21    0.0
242.5    6.51e-21    0.0
245.4    8.5e-21    0.0
248.5    1.07e-20    0.0
251.6    1.336e-20    0.0
254.8    1.662e-20    0.0
258.2    2.051e-20    0.3
261.5    2.398e-20    0.32
265.0    2.908e-20    0.35
268.5    3.26e-20    0.3875
272.2    3.738e-20    0.444
275.9    4.087e-20    0.53
279.8    4.299e-20    0.58
283.7    4.616e-20    0.59
287.8    4.664e-20    0.56
292.0    4.66e-20    0.52
296.3    4.279e-20    0.47
300.5    4.06e-20    0.4225
303.0    3.7e-20    0.39
304.0    3.46e-20    0.38
305.0    3.43e-20    0.365
306.0    3.41e-20    0.35
307.0    3.36e-20    0.33
308.0    3.31e-20    0.31
309.0    3.11e-20    0.295
310.0    2.92e-20    0.28
311.0    2.73e-20    0.26
312.0    2.52e-20    0.24
313.0    2.47e-20    0.215
314.0    2.38e-20    0.19
316.0    2.07e-20    0.15
320.0    1.7e-20    0.1
325.0    1.15e-20    0.04
330.0    6.99e-21    0.01
335.0    3.5e-21    0.0
340.0    1.35e-21    0.0
345.0    2.1e-22    0.0
350.0    7.74e-23    0.0
355.0    5e-23    0.0
360.0    2.75e-23    0.0
365.0    0.0    0.0
370.0    0.0    0.0
375.0    0.0    0.0
380.0    0.0    0.0
385.0    0.0    0.0
390.0    0.0    0.0
395.0    0.0    0.0
400.0    0.0    0.0
405.0    0.0    0.0
410.0    0.0    0.0
415.0    0.0    0.0
420.0    0.0    0.0
425.0    0.0    0.0
430.0    0.0    0.0
435.0    0.0    0.0
440.0    0.0    0.0
445.0    0.0    0.0
450.0    0.0    0.0
455.0    0.0    0.0
460.0    0.0    0.0
465.0    0.0    0.0
470.0    0.0    0.0
475.0    0.0    0.0
480.0    0.0    0.0
485.0    0.0    0.0
490.0    0.0    0.0
495.0    0.0    0.0
500.0    0.0    0.0
505.0    0.0    0.0
510.0    0.0    0.0
515.0    0.0    0.0
520.0    0.0    0.0
525.0    0.0    0.0
530.0    0.0    0.0
535.0    0.0    0.0
540.0    0.0    0.0
545.0    0.0    0.0
550.0    0.0    0.0
555.0    0.0    0.0
560.0    0.0    0.0
565.0    0.0    0.0
570.0    0.0    0.0
575.0    0.0    0.0
580.0    0.0    0.0
585.0    0.0    0.0
590.0    0.0    0.0
595.0    0.0    0.0
600.0    0.0    0.0
605.0    0.0    0.0
610.0    0.0    0.0
615.0    0.0    0.0
620.0    0.0    0.0
625.0    0.0    0.0
630.0    0.0    0.0
635.0    0.0    0.0
640.0    0.0    0.0
644.8    0.0    0.0
651.0    0.0    0.0
660.0    0.0    0.0
670.0    0.0    0.0
680.0    0.0    0.0
690.0    0.0    0.0
700.0    0.0    0.0
710.0    0.0    0.0
720.0    0.0    0.0
730.0    0.0    0.0
