1.0
186.1    0.0    0.0
187.8    0.0    0.0
189.6    0.0    0.0
191.4    0.0    0.0
193.3    0.0    0.0
195.2    0.0    0.0
197.1    0.0    0.0
199.0    0.0    0.0
201.0    0.0    0.0
203.1    0.0    0.0
205.2    0.0    0.0
207.3    0.0    0.0
209.4    0.0    0.0
211.7    0.0    0.0
213.9    0.0    0.0
216.2    1.67e-21    0.0
218.6    2.12e-21    0.0
221.0    2.7e-21    0.0
223.5    3.46e-21    0.0
226.0    4.19e-21    0.0
228.6    5.35e-21    0.0
231.3    6.37e-21    0.0
234.0    8.15e-21    0.0
236.7    1.03e-20    0.0
239.6    1.3e-20    0.0
242.5    1.6e-20    0.0
245.4    1.83e-20    0.0
248.5    2.33e-20    0.88
251.6    2.74e-20    0.88
254.8    3.15e-20    0.88
258.2    3.57e-20    0.88
261.5    4.07e-20    0.88
265.0    4.41e-20    0.88
268.5    4.72e-20    0.88
272.2    4.91e-20    0.88
275.9    4.93e-20    0.88
279.8    4.91e-20    0.88
283.7    4.62e-20    0.84
287.8    4.28e-20    0.77
292.0    3.82e-20    0.72
296.3    3.26e-20    0.64
300.5    2.58e-20    0.61
303.0    2.3e-20    0.5
304.0    2.18e-20    0.43
305.0    2.05e-20    0.4
306.0    1.89e-20    0.32
307.0    1.75e-20    0.28
308.0    1.61e-20    0.26
309.0    1.49e-20    0.24
310.0    1.36e-20    0.2
311.0    1.24e-20    0.17
312.0    1.14e-20    0.15
313.0    1.06e-20    0.12
314.0    9.44e-21    0.1
316.0    7.6e-21    0.06
320.0    4.55e-21    0.05
325.0    2.1e-21    0.025
330.0    7.4e-22    0.0
335.0    2.48e-22    0.0
340.0    9.12e-23    0.0
345.0    3.01e-23    0.0
350.0    0.0    0.0
355.0    0.0    0.0
360.0    0.0    0.0
365.0    0.0    0.0
370.0    0.0    0.0
375.0    0.0    0.0
380.0    0.0    0.0
385.0    0.0    0.0
390.0    0.0    0.0
395.0    0.0    0.0
400.0    0.0    0.0
405.0    0.0    0.0
410.0    0.0    0.0
415.0    0.0    0.0
420.0    0.0    0.0
425.0    0.0    0.0
430.0    0.0    0.0
435.0    0.0    0.0
440.0    0.0    0.0
445.0    0.0    0.0
450.0    0.0    0.0
455.0    0.0    0.0
460.0    0.0    0.0
465.0    0.0    0.0
470.0    0.0    0.0
475.0    0.0    0.0
480.0    0.0    0.0
485.0    0.0    0.0
490.0    0.0    0.0
495.0    0.0    0.0
500.0    0.0    0.0
505.0    0.0    0.0
510.0    0.0    0.0
515.0    0.0    0.0
520.0    0.0    0.0
525.0    0.0    0.0
530.0    0.0    0.0
535.0    0.0    0.0
540.0    0.0    0.0
545.0    0.0    0.0
550.0    0.0    0.0
555.0    0.0    0.0
560.0    0.0    0.0
565.0    0.0    0.0
570.0    0.0    0.0
575.0    0.0    0.0
580.0    0.0    0.0
585.0    0.0    0.0
590.0    0.0    0.0
595.0    0.0    0.0
600.0    0.0    0.0
605.0    0.0    0.0
610.0    0.0    0.0
615.0    0.0    0.0
620.0    0.0    0.0
625.0    0.0    0.0
630.0    0.0    0.0
635.0    0.0    0.0
640.0    0.0    0.0
644.8    0.0    0.0
651.0    0.0    0.0
660.0    0.0    0.0
670.0    0.0    0.0
680.0    0.0    0.0
690.0    0.0    0.0
700.0    0.0    0.0
710.0    0.0    0.0
720.0    0.0    0.0
730.0    0.0    0.0
