1.0
186.1    0.0    0.0
187.8    0.0    0.0
189.6    0.0    0.0
191.4    0.0    0.0
193.3    0.0    0.0
195.2    0.0    0.0
197.1    0.0    0.0
199.0    0.0    0.0
201.0    0.0    0.0
203.1    0.0    0.0
205.2    0.0    0.0
207.3    0.0    0.0
209.4    0.0    0.0
211.7    0.0    0.0
213.9    0.0    0.0
216.2    0.0    0.0
218.6    0.0    0.0
221.0    0.0    0.0
223.5    0.0    0.0
226.0    0.0    0.555
228.6    0.0    0.542
231.3    0.0    0.527
234.0    0.0    0.51
236.7    0.0    0.494
239.6    0.0    0.475
242.5    0.0    0.462
245.4    0.0    0.446
248.5    0.0    0.428
251.6    1.5e-20    0.412
254.8    1.66e-20    0.395
258.2    1.83e-20    0.379
261.5    1.99e-20    0.363
265.0    2.26e-20    0.345
268.5    2.42e-20    0.328
272.2    2.74e-20    0.309
275.9    3.06e-20    0.291
279.8    3.12e-20    0.27
283.7    3.53e-20    0.255
287.8    3.81e-20    0.239
292.0    3.65e-20    0.22
296.3    3.85e-20    0.201
300.5    3.97e-20    0.184
303.0    3.57e-20    0.174
304.0    3.35e-20    0.17
305.0    3.24e-20    0.166
306.0    3.22e-20    0.162
307.0    3.2e-20    0.158
308.0    3.15e-20    0.154
309.0    3.12e-20    0.15
310.0    3.1e-20    0.146
311.0    3.22e-20    0.142
312.0    3.34e-20    0.138
313.0    3.39e-20    0.133
314.0    3.23e-20    0.129
316.0    2.65e-20    0.122
320.0    1.85e-20    0.11
325.0    1.6e-20    0.095
330.0    1.69e-20    0.08
335.0    7.37e-21    0.065
340.0    5.53e-21    0.051
345.0    6.24e-21    0.036
350.0    3.91e-21    0.021
355.0    4.22e-21    0.008
360.0    5.46e-21    0.0
365.0    6.65e-21    0.0
370.0    1.14e-20    0.0
375.0    1.33e-20    0.0
380.0    1.93e-20    0.0
385.0    1.89e-20    0.0
390.0    3.48e-20    0.0
395.0    3.86e-20    0.0
400.0    3.87e-20    0.0
405.0    4.49e-20    0.0
410.0    5.66e-20    0.0
415.0    1.02e-19    0.0
420.0    5.6e-20    0.0
425.0    1.04e-19    0.0
430.0    7.03e-20    0.0
435.0    7.66e-20    0.0
440.0    2.59e-19    0.0
445.0    1.51e-19    0.0
450.0    8.68e-20    0.0
455.0    5.2e-19    0.0
460.0    1.2e-20    0.0
465.0    3.3e-21    0.0
470.0    7.6e-22    0.0
475.0    1.59e-21    0.0
480.0    7.4e-22    0.0
485.0    5e-22    0.0
490.0    4.5e-22    0.0
495.0    4.2e-22    0.0
500.0    3.3e-22    0.0
505.0    3.5e-22    0.0
510.0    2.3e-22    0.0
515.0    5.3e-22    0.0
520.0    1e-21    0.0
525.0    4e-23    0.0
530.0    0.0    0.0
535.0    0.0    0.0
540.0    0.0    0.0
545.0    0.0    0.0
550.0    0.0    0.0
555.0    0.0    0.0
560.0    0.0    0.0
565.0    0.0    0.0
570.0    0.0    0.0
575.0    0.0    0.0
580.0    0.0    0.0
585.0    0.0    0.0
590.0    0.0    0.0
595.0    0.0    0.0
600.0    0.0    0.0
605.0    0.0    0.0
610.0    0.0    0.0
615.0    0.0    0.0
620.0    0.0    0.0
625.0    0.0    0.0
630.0    0.0    0.0
635.0    0.0    0.0
640.0    0.0    0.0
644.8    0.0    0.0
651.0    0.0    0.0
660.0    0.0    0.0
670.0    0.0    0.0
680.0    0.0    0.0
690.0    0.0    0.0
700.0    0.0    0.0
710.0    0.0    0.0
720.0    0.0    0.0
730.0    0.0    0.0
