1.0
186.1    0.0    0.0
187.8    0.0    0.0
189.6    0.0    0.0
191.4    0.0    0.0
193.3    0.0    0.0
195.2    0.0    0.0
197.1    0.0    0.0
199.0    0.0    0.0
201.0    0.0    0.0
203.1    0.0    0.0
205.2    0.0    0.0
207.3    0.0    0.0
209.4    0.0    0.0
211.7    0.0    0.0
213.9    0.0    0.0
216.2    0.0    0.0
218.6    0.0    0.0
221.0    0.0    0.0
223.5    0.0    0.0
226.0    0.0    0.242
228.6    0.0    0.245
231.3    0.0    0.247
234.0    0.0    0.25
236.7    0.0    0.253
239.6    0.0    0.256
242.5    0.0    0.259
245.4    0.0    0.261
248.5    0.0    0.265
251.6    1.5e-20    0.268
254.8    1.66e-20    0.271
258.2    1.83e-20    0.275
261.5    1.99e-20    0.28
265.0    2.26e-20    0.286
268.5    2.42e-20    0.291
272.2    2.74e-20    0.297
275.9    3.06e-20    0.303
279.8    3.12e-20    0.31
283.7    3.53e-20    0.317
287.8    3.81e-20    0.326
292.0    3.65e-20    0.335
296.3    3.85e-20    0.347
300.5    3.97e-20    0.359
303.0    3.57e-20    0.367
304.0    3.35e-20    0.371
305.0    3.24e-20    0.374
306.0    3.22e-20    0.378
307.0    3.2e-20    0.383
308.0    3.15e-20    0.387
309.0    3.12e-20    0.392
310.0    3.1e-20    0.396
311.0    3.22e-20    0.401
312.0    3.34e-20    0.407
313.0    3.39e-20    0.412
314.0    3.23e-20    0.418
316.0    2.65e-20    0.43
320.0    1.85e-20    0.457
325.0    1.6e-20    0.497
330.0    1.69e-20    0.541
335.0    7.37e-21    0.593
340.0    5.53e-21    0.648
345.0    6.24e-21    0.616
350.0    3.91e-21    0.52
355.0    4.22e-21    0.424
360.0    5.46e-21    0.332
365.0    6.65e-21    0.253
370.0    1.14e-20    0.191
375.0    1.33e-20    0.142
380.0    1.93e-20    0.104
385.0    1.89e-20    0.077
390.0    3.48e-20    0.057
395.0    3.86e-20    0.043
400.0    3.87e-20    0.033
405.0    4.49e-20    0.026
410.0    5.66e-20    0.02
415.0    1.02e-19    0.016
420.0    5.6e-20    0.013
425.0    1.04e-19    0.01
430.0    7.03e-20    0.008
435.0    7.66e-20    0.006
440.0    2.59e-19    0.003
445.0    1.51e-19    0.001
450.0    8.68e-20    0.0
455.0    5.2e-19    0.0
460.0    1.2e-20    0.0
465.0    3.3e-21    0.0
470.0    7.6e-22    0.0
475.0    1.59e-21    0.0
480.0    7.4e-22    0.0
485.0    5e-22    0.0
490.0    4.5e-22    0.0
495.0    4.2e-22    0.0
500.0    3.3e-22    0.0
505.0    3.5e-22    0.0
510.0    2.3e-22    0.0
515.0    5.3e-22    0.0
520.0    1e-21    0.0
525.0    4e-23    0.0
530.0    0.0    0.0
535.0    0.0    0.0
540.0    0.0    0.0
545.0    0.0    0.0
550.0    0.0    0.0
555.0    0.0    0.0
560.0    0.0    0.0
565.0    0.0    0.0
570.0    0.0    0.0
575.0    0.0    0.0
580.0    0.0    0.0
585.0    0.0    0.0
590.0    0.0    0.0
595.0    0.0    0.0
600.0    0.0    0.0
605.0    0.0    0.0
610.0    0.0    0.0
615.0    0.0    0.0
620.0    0.0    0.0
625.0    0.0    0.0
630.0    0.0    0.0
635.0    0.0    0.0
640.0    0.0    0.0
644.8    0.0    0.0
651.0    0.0    0.0
660.0    0.0    0.0
670.0    0.0    0.0
680.0    0.0    0.0
690.0    0.0    0.0
700.0    0.0    0.0
710.0    0.0    0.0
720.0    0.0    0.0
730.0    0.0    0.0
