1.0
186.1    0.0    1.0
187.8    0.0    1.0
189.6    0.0    1.0
191.4    6.42e-19    1.0
193.3    6.01e-19    1.0
195.2    5.6e-19    1.0
197.1    5.27e-19    1.0
199.0    4.93e-19    1.0
201.0    4.62e-19    1.0
203.1    4.33e-19    1.0
205.2    4.06e-19    1.0
207.3    3.85e-19    1.0
209.4    3.63e-19    1.0
211.7    3.4e-19    1.0
213.9    3.18e-19    1.0
216.2    2.95e-19    1.0
218.6    2.72e-19    1.0
221.0    2.5e-19    1.0
223.5    2.29e-19    1.0
226.0    2.1e-19    1.0
228.6    1.92e-19    1.0
231.3    1.74e-19    1.0
234.0    1.56e-19    1.0
236.7    1.41e-19    1.0
239.6    1.26e-19    1.0
242.5    1.13e-19    1.0
245.4    1e-19    1.0
248.5    8.87e-20    1.0
251.6    7.79e-20    1.0
254.8    6.76e-20    1.0
258.2    5.8e-20    1.0
261.5    4.97e-20    1.0
265.0    4.2e-20    1.0
268.5    3.57e-20    1.0
272.2    2.99e-20    1.0
275.9    2.49e-20    1.0
279.8    2.02e-20    1.0
283.7    1.63e-20    1.0
287.8    1.33e-20    1.0
292.0    1.08e-20    1.0
296.3    8.43e-21    1.0
300.5    6.63e-21    1.0
303.0    5.78e-21    1.0
304.0    5.44e-21    1.0
305.0    5.1e-21    1.0
306.0    4.86e-21    1.0
307.0    4.62e-21    1.0
308.0    4.38e-21    1.0
309.0    4.14e-21    1.0
310.0    3.9e-21    1.0
311.0    3.7e-21    1.0
312.0    3.5e-21    1.0
313.0    3.3e-21    1.0
314.0    3.1e-21    1.0
316.0    2.76e-21    1.0
320.0    2.2e-21    1.0
325.0    1.6e-21    1.0
330.0    1.3e-21    1.0
335.0    1e-21    1.0
340.0    7e-22    1.0
345.0    5e-22    1.0
350.0    4e-22    1.0
355.0    0.0    1.0
360.0    0.0    1.0
365.0    0.0    1.0
370.0    0.0    1.0
375.0    0.0    1.0
380.0    0.0    1.0
385.0    0.0    1.0
390.0    0.0    1.0
395.0    0.0    1.0
400.0    0.0    1.0
405.0    0.0    1.0
410.0    0.0    1.0
415.0    0.0    1.0
420.0    0.0    1.0
425.0    0.0    1.0
430.0    0.0    1.0
435.0    0.0    1.0
440.0    0.0    1.0
445.0    0.0    1.0
450.0    0.0    1.0
455.0    0.0    1.0
460.0    0.0    1.0
465.0    0.0    1.0
470.0    0.0    1.0
475.0    0.0    1.0
480.0    0.0    1.0
485.0    0.0    1.0
490.0    0.0    1.0
495.0    0.0    1.0
500.0    0.0    1.0
505.0    0.0    1.0
510.0    0.0    1.0
515.0    0.0    1.0
520.0    0.0    1.0
525.0    0.0    1.0
530.0    0.0    1.0
535.0    0.0    1.0
540.0    0.0    1.0
545.0    0.0    1.0
550.0    0.0    1.0
555.0    0.0    1.0
560.0    0.0    1.0
565.0    0.0    1.0
570.0    0.0    1.0
575.0    0.0    1.0
580.0    0.0    1.0
585.0    0.0    1.0
590.0    0.0    1.0
595.0    0.0    1.0
600.0    0.0    1.0
605.0    0.0    1.0
610.0    0.0    1.0
615.0    0.0    1.0
620.0    0.0    1.0
625.0    0.0    1.0
630.0    0.0    1.0
635.0    0.0    1.0
640.0    0.0    1.0
644.8    0.0    1.0
651.0    0.0    1.0
660.0    0.0    1.0
670.0    0.0    1.0
680.0    0.0    1.0
690.0    0.0    1.0
700.0    0.0    1.0
710.0    0.0    1.0
720.0    0.0    1.0
730.0    0.0    1.0
