1.0
186.1    0.0    0.0
187.8    0.0    0.0
189.6    0.0    0.0
191.4    0.0    0.0
193.3    0.0    0.0
195.2    0.0    0.0
197.1    0.0    0.0
199.0    0.0    0.0
201.0    0.0    0.0
203.1    0.0    0.0
205.2    0.0    0.0
207.3    0.0    0.0
209.4    0.0    0.0
211.7    0.0    0.0
213.9    0.0    0.0
216.2    0.0    0.0
218.6    0.0    0.0
221.0    0.0    0.0
223.5    0.0    0.0
226.0    1.66e-22    0.0
228.6    1.81e-22    0.0
231.3    3.03e-22    0.0
234.0    3.13e-22    0.0
236.7    6.25e-22    0.0
239.6    7.04e-22    0.0
242.5    1.26e-21    0.0
245.4    1.39e-21    0.0
248.5    2.54e-21    0.0
251.6    2.7e-21    0.4914
254.8    4.49e-21    0.497
258.2    4.78e-21    0.488
261.5    6.98e-21    0.4695
265.0    7.36e-21    0.454
268.5    1.13e-20    0.431
272.2    1.3e-20    0.4012
275.9    1.84e-20    0.3679
279.8    1.86e-20    0.3434
283.7    2.55e-20    0.3151
287.8    2.33e-20    0.292
292.0    2.66e-20    0.266
296.3    3.28e-20    0.2547
300.5    1.6e-20    0.2405
303.0    3.02e-20    0.238
304.0    7.23e-20    0.238
305.0    4.74e-20    0.24
306.0    4.29e-20    0.242
307.0    1.78e-20    0.246
308.0    1.38e-20    0.251
309.0    3.26e-20    0.256
310.0    1.74e-20    0.263
311.0    4.61e-21    0.271
312.0    1.19e-20    0.28
313.0    9.02e-21    0.291
314.0    5.65e-20    0.302
316.0    2.54e-20    0.329
320.0    1.53e-20    0.397
325.0    2.79e-20    0.489
330.0    1.99e-20    0.657
335.0    1.96e-21    0.735
340.0    2.39e-20    0.65
345.0    7.58e-21    0.5
350.0    1.94e-21    0.38
355.0    9.61e-21    0.22
360.0    1.39e-22    0.004
365.0    1e-23    0.0
370.0    3.69e-22    0.0
375.0    8.7e-23    0.0
380.0    0.0    0.0
385.0    0.0    0.0
390.0    0.0    0.0
395.0    0.0    0.0
400.0    0.0    0.0
405.0    0.0    0.0
410.0    0.0    0.0
415.0    0.0    0.0
420.0    0.0    0.0
425.0    0.0    0.0
430.0    0.0    0.0
435.0    0.0    0.0
440.0    0.0    0.0
445.0    0.0    0.0
450.0    0.0    0.0
455.0    0.0    0.0
460.0    0.0    0.0
465.0    0.0    0.0
470.0    0.0    0.0
475.0    0.0    0.0
480.0    0.0    0.0
485.0    0.0    0.0
490.0    0.0    0.0
495.0    0.0    0.0
500.0    0.0    0.0
505.0    0.0    0.0
510.0    0.0    0.0
515.0    0.0    0.0
520.0    0.0    0.0
525.0    0.0    0.0
530.0    0.0    0.0
535.0    0.0    0.0
540.0    0.0    0.0
545.0    0.0    0.0
550.0    0.0    0.0
555.0    0.0    0.0
560.0    0.0    0.0
565.0    0.0    0.0
570.0    0.0    0.0
575.0    0.0    0.0
580.0    0.0    0.0
585.0    0.0    0.0
590.0    0.0    0.0
595.0    0.0    0.0
600.0    0.0    0.0
605.0    0.0    0.0
610.0    0.0    0.0
615.0    0.0    0.0
620.0    0.0    0.0
625.0    0.0    0.0
630.0    0.0    0.0
635.0    0.0    0.0
640.0    0.0    0.0
644.8    0.0    0.0
651.0    0.0    0.0
660.0    0.0    0.0
670.0    0.0    0.0
680.0    0.0    0.0
690.0    0.0    0.0
700.0    0.0    0.0
710.0    0.0    0.0
720.0    0.0    0.0
730.0    0.0    0.0
