1.0
186.1    0.0    0.0
187.8    0.0    0.0
189.6    0.0    0.0
191.4    0.0    0.0
193.3    0.0    0.0
195.2    0.0    0.0
197.1    0.0    0.0
199.0    0.0    0.0
201.0    0.0    0.0
203.1    0.0    0.0
205.2    0.0    0.0
207.3    0.0    0.0
209.4    0.0    0.0
211.7    0.0    0.0
213.9    0.0    0.0
216.2    0.0    0.0
218.6    0.0    0.0
221.0    0.0    0.0
223.5    0.0    0.0
226.0    0.0    0.0
228.6    0.0    0.0
231.3    0.0    0.0
234.0    0.0    0.0
236.7    2.29e-20    0.0
239.6    2.78e-20    0.0
242.5    3.34e-20    0.65
245.4    3.74e-20    0.65
248.5    4.56e-20    0.65
251.6    5.18e-20    0.65
254.8    5.72e-20    0.65
258.2    6.19e-20    0.65
261.5    6.61e-20    0.65
265.0    6.74e-20    0.65
268.5    6.67e-20    0.65
272.2    6.42e-20    0.65
275.9    5.9e-20    0.65
279.8    5.12e-20    0.65
283.7    4.27e-20    0.65
287.8    3.34e-20    0.65
292.0    2.45e-20    0.65
296.3    1.69e-20    0.65
300.5    9.61e-21    0.65
303.0    7.43e-21    0.65
304.0    6.52e-21    0.65
305.0    5.69e-21    0.65
306.0    4.93e-21    0.65
307.0    4.31e-21    0.65
308.0    3.79e-21    0.65
309.0    3.31e-21    0.65
310.0    2.87e-21    0.65
311.0    2.49e-21    0.65
312.0    2.19e-21    0.65
313.0    1.92e-21    0.65
314.0    1.77e-21    0.65
316.0    1.42e-21    0.65
320.0    9.54e-22    0.65
325.0    6.29e-22    0.65
330.0    4.63e-22    0.65
335.0    3.45e-22    0.65
340.0    0.0    0.65
345.0    0.0    0.65
350.0    0.0    0.65
355.0    0.0    0.65
360.0    0.0    0.65
365.0    0.0    0.65
370.0    0.0    0.65
375.0    0.0    0.65
380.0    0.0    0.65
385.0    0.0    0.65
390.0    0.0    0.65
395.0    0.0    0.65
400.0    0.0    0.65
405.0    0.0    0.65
410.0    0.0    0.65
415.0    0.0    0.65
420.0    0.0    0.65
425.0    0.0    0.0
430.0    0.0    0.0
435.0    0.0    0.0
440.0    0.0    0.0
445.0    0.0    0.0
450.0    0.0    0.0
455.0    0.0    0.0
460.0    0.0    0.0
465.0    0.0    0.0
470.0    0.0    0.0
475.0    0.0    0.0
480.0    0.0    0.0
485.0    0.0    0.0
490.0    0.0    0.0
495.0    0.0    0.0
500.0    0.0    0.0
505.0    0.0    0.0
510.0    0.0    0.0
515.0    0.0    0.0
520.0    0.0    0.0
525.0    0.0    0.0
530.0    0.0    0.0
535.0    0.0    0.0
540.0    0.0    0.0
545.0    0.0    0.0
550.0    0.0    0.0
555.0    0.0    0.0
560.0    0.0    0.0
565.0    0.0    0.0
570.0    0.0    0.0
575.0    0.0    0.0
580.0    0.0    0.0
585.0    0.0    0.0
590.0    0.0    0.0
595.0    0.0    0.0
600.0    0.0    0.0
605.0    0.0    0.0
610.0    0.0    0.0
615.0    0.0    0.0
620.0    0.0    0.0
625.0    0.0    0.0
630.0    0.0    0.0
635.0    0.0    0.0
640.0    0.0    0.0
644.8    0.0    0.0
651.0    0.0    0.0
660.0    0.0    0.0
670.0    0.0    0.0
680.0    0.0    0.0
690.0    0.0    0.0
700.0    0.0    0.0
710.0    0.0    0.0
720.0    0.0    0.0
730.0    0.0    0.0
