1.0
186.1    0.0    1.0
187.8    0.0    1.0
189.6    0.0    1.0
191.4    9.56e-18    1.0
193.3    8.82e-18    1.0
195.2    8.06e-18    1.0
197.1    7.1e-18    1.0
199.0    6.14e-18    1.0
201.0    5.24e-18    1.0
203.1    4.41e-18    1.0
205.2    3.62e-18    1.0
207.3    3.08e-18    1.0
209.4    2.54e-18    1.0
211.7    2.12e-18    1.0
213.9    1.78e-18    1.0
216.2    1.51e-18    1.0
218.6    1.3e-18    1.0
221.0    1.13e-18    1.0
223.5    1.01e-18    1.0
226.0    9.06e-19    1.0
228.6    8.32e-19    1.0
231.3    7.64e-19    1.0
234.0    7.04e-19    1.0
236.7    6.48e-19    1.0
239.6    5.89e-19    1.0
242.5    5.35e-19    1.0
245.4    4.83e-19    1.0
248.5    4.36e-19    1.0
251.6    3.93e-19    1.0
254.8    3.53e-19    1.0
258.2    3.08e-19    1.0
261.5    2.69e-19    1.0
265.0    2.3e-19    1.0
268.5    1.95e-19    1.0
272.2    1.6e-19    1.0
275.9    1.27e-19    1.0
279.8    9.45e-20    1.0
283.7    7.11e-20    1.0
287.8    5.01e-20    1.0
292.0    3.37e-20    1.0
296.3    2.24e-20    1.0
300.5    1.46e-20    1.0
303.0    1.17e-20    1.0
304.0    1.05e-20    1.0
305.0    9.52e-21    1.0
306.0    8.53e-21    1.0
307.0    7.78e-21    1.0
308.0    7.02e-21    1.0
309.0    6.27e-21    1.0
310.0    5.51e-21    1.0
311.0    5.08e-21    1.0
312.0    4.65e-21    1.0
313.0    4.23e-21    1.0
314.0    3.8e-21    1.0
316.0    3.13e-21    1.0
320.0    2.16e-21    1.0
325.0    1.4e-21    1.0
330.0    9.26e-22    1.0
335.0    5.95e-22    1.0
340.0    3.72e-22    1.0
345.0    1.45e-22    1.0
350.0    1.68e-22    1.0
355.0    0.0    1.0
360.0    0.0    1.0
365.0    0.0    1.0
370.0    0.0    1.0
375.0    0.0    1.0
380.0    0.0    1.0
385.0    0.0    1.0
390.0    0.0    1.0
395.0    0.0    1.0
400.0    0.0    1.0
405.0    0.0    1.0
410.0    0.0    1.0
415.0    0.0    1.0
420.0    0.0    1.0
425.0    0.0    1.0
430.0    0.0    1.0
435.0    0.0    1.0
440.0    0.0    1.0
445.0    0.0    1.0
450.0    0.0    1.0
455.0    0.0    1.0
460.0    0.0    1.0
465.0    0.0    1.0
470.0    0.0    1.0
475.0    0.0    1.0
480.0    0.0    1.0
485.0    0.0    1.0
490.0    0.0    1.0
495.0    0.0    1.0
500.0    0.0    1.0
505.0    0.0    1.0
510.0    0.0    1.0
515.0    0.0    1.0
520.0    0.0    1.0
525.0    0.0    1.0
530.0    0.0    1.0
535.0    0.0    1.0
540.0    0.0    1.0
545.0    0.0    1.0
550.0    0.0    1.0
555.0    0.0    1.0
560.0    0.0    1.0
565.0    0.0    1.0
570.0    0.0    1.0
575.0    0.0    1.0
580.0    0.0    1.0
585.0    0.0    1.0
590.0    0.0    1.0
595.0    0.0    1.0
600.0    0.0    1.0
605.0    0.0    1.0
610.0    0.0    1.0
615.0    0.0    1.0
620.0    0.0    1.0
625.0    0.0    1.0
630.0    0.0    1.0
635.0    0.0    1.0
640.0    0.0    1.0
644.8    0.0    1.0
651.0    0.0    1.0
660.0    0.0    1.0
670.0    0.0    1.0
680.0    0.0    1.0
690.0    0.0    1.0
700.0    0.0    1.0
710.0    0.0    1.0
720.0    0.0    1.0
730.0    0.0    1.0
