1.0
186.1    9.55e-19    1.0
187.8    1.05e-18    1.0
189.6    1.2e-18    1.0
191.4    1.37e-18    1.0
193.3    1.55e-18    1.0
195.2    1.72e-18    1.0
197.1    1.88e-18    1.0
199.0    2.03e-18    1.0
201.0    2.15e-18    1.0
203.1    2.21e-18    1.0
205.2    2.24e-18    1.0
207.3    2.21e-18    1.0
209.4    2.15e-18    1.0
211.7    2.05e-18    1.0
213.9    1.94e-18    1.0
216.2    1.78e-18    1.0
218.6    1.6e-18    1.0
221.0    1.43e-18    1.0
223.5    1.25e-18    1.0
226.0    1.08e-18    1.0
228.6    9.15e-19    1.0
231.3    7.77e-19    1.0
234.0    6.6e-19    1.0
236.7    5.52e-19    1.0
239.6    4.44e-19    1.0
242.5    3.58e-19    1.0
245.4    2.89e-19    1.0
248.5    2.26e-19    1.0
251.6    1.76e-19    1.0
254.8    1.36e-19    1.0
258.2    1.01e-19    1.0
261.5    7.63e-20    1.0
265.0    5.75e-20    1.0
268.5    4.15e-20    1.0
272.2    2.95e-20    1.0
275.9    2.31e-20    1.0
279.8    1.93e-20    1.0
283.7    1.54e-20    1.0
287.8    1.14e-20    1.0
292.0    7.21e-21    1.0
296.3    3.98e-21    1.0
300.5    6.54e-21    1.0
303.0    9.25e-21    1.0
304.0    1.04e-20    1.0
305.0    1.57e-20    1.0
306.0    1.29e-20    1.0
307.0    9.16e-21    1.0
308.0    1.45e-20    1.0
309.0    2.01e-20    1.0
310.0    1.51e-20    1.0
311.0    2.07e-20    1.0
312.0    2.42e-20    1.0
313.0    2.25e-20    1.0
314.0    3.35e-20    1.0
316.0    1.61e-20    1.0
320.0    4.66e-20    1.0
325.0    4.05e-20    1.0
330.0    9.92e-20    1.0
335.0    7.71e-20    1.0
340.0    7.79e-20    1.0
345.0    8.77e-20    1.0
350.0    9.06e-20    1.0
355.0    2.76e-19    1.0
360.0    6.87e-20    1.0
365.0    1.28e-19    1.0
370.0    1.51e-19    1.0
375.0    3.55e-20    1.0
380.0    7.21e-20    1.0
385.0    1.61e-19    1.0
390.0    1.71e-20    1.0
395.0    4.03e-21    1.0
400.0    0.0    1.0
405.0    0.0    1.0
410.0    0.0    1.0
415.0    0.0    1.0
420.0    0.0    1.0
425.0    0.0    1.0
430.0    0.0    1.0
435.0    0.0    1.0
440.0    0.0    1.0
445.0    0.0    1.0
450.0    0.0    1.0
455.0    0.0    1.0
460.0    0.0    1.0
465.0    0.0    1.0
470.0    0.0    1.0
475.0    0.0    1.0
480.0    0.0    1.0
485.0    0.0    1.0
490.0    0.0    1.0
495.0    0.0    1.0
500.0    0.0    1.0
505.0    0.0    1.0
510.0    0.0    1.0
515.0    0.0    1.0
520.0    0.0    1.0
525.0    0.0    1.0
530.0    0.0    1.0
535.0    0.0    1.0
540.0    0.0    1.0
545.0    0.0    1.0
550.0    0.0    1.0
555.0    0.0    1.0
560.0    0.0    1.0
565.0    0.0    1.0
570.0    0.0    1.0
575.0    0.0    1.0
580.0    0.0    1.0
585.0    0.0    1.0
590.0    0.0    1.0
595.0    0.0    1.0
600.0    0.0    1.0
605.0    0.0    1.0
610.0    0.0    1.0
615.0    0.0    1.0
620.0    0.0    1.0
625.0    0.0    1.0
630.0    0.0    1.0
635.0    0.0    1.0
640.0    0.0    1.0
644.8    0.0    1.0
651.0    0.0    1.0
660.0    0.0    1.0
670.0    0.0    1.0
680.0    0.0    1.0
690.0    0.0    1.0
700.0    0.0    1.0
710.0    0.0    1.0
720.0    0.0    1.0
730.0    0.0    1.0
