1.0
186.1    0.0    0.008
187.8    0.0    0.008
189.6    0.0    0.008
191.4    0.0    0.008
193.3    0.0    0.008
195.2    0.0    0.008
197.1    0.0    0.008
199.0    0.0    0.008
201.0    0.0    0.008
203.1    0.0    0.008
205.2    0.0    0.008
207.3    0.0    0.008
209.4    0.0    0.008
211.7    0.0    0.008
213.9    0.0    0.008
216.2    0.0    0.008
218.6    0.0    0.008
221.0    0.0    0.008
223.5    0.0    0.008
226.0    0.0    0.008
228.6    0.0    0.008
231.3    0.0    0.008
234.0    0.0    0.008
236.7    0.0    0.008
239.6    0.0    0.008
242.5    0.0    0.008
245.4    0.0    0.008
248.5    0.0    0.008
251.6    1.9e-21    0.008
254.8    1.77e-21    0.008
258.2    1.87e-21    0.008
261.5    2.18e-21    0.008
265.0    2.83e-21    0.008
268.5    3.81e-21    0.008
272.2    5.29e-21    0.008
275.9    7.26e-21    0.008
279.8    9.95e-21    0.008
283.7    1.323e-20    0.008
287.8    1.766e-20    0.008
292.0    2.28e-20    0.008
296.3    2.89e-20    0.008
300.5    3.525e-20    0.008
303.0    3.91e-20    0.008
304.0    4.04e-20    0.008
305.0    4.19e-20    0.008
306.0    4.4e-20    0.008
307.0    4.58e-20    0.008
308.0    4.71e-20    0.008
309.0    4.81e-20    0.008
310.0    4.92e-20    0.008
311.0    5.13e-20    0.008
312.0    5.35e-20    0.008
313.0    5.5e-20    0.008
314.0    5.61e-20    0.008
316.0    5.87e-20    0.008
320.0    6.27e-20    0.008
325.0    6.74e-20    0.008
330.0    7.15e-20    0.008
335.0    6.08e-20    0.008
340.0    6.24e-20    0.008
345.0    6.53e-20    0.008
350.0    4.16e-20    0.008
355.0    4.14e-20    0.008
360.0    5.05e-20    0.008
365.0    2.33e-20    0.008
370.0    1.42e-20    0.008
375.0    9.77e-21    0.008
380.0    1.3e-20    0.008
385.0    3.31e-21    0.008
390.0    1.47e-21    0.008
395.0    1.23e-21    0.008
400.0    0.0    0.008
405.0    0.0    0.008
410.0    0.0    0.008
415.0    0.0    0.008
420.0    0.0    0.008
425.0    0.0    0.008
430.0    0.0    0.008
435.0    0.0    0.008
440.0    0.0    0.008
445.0    0.0    0.008
450.0    0.0    0.008
455.0    0.0    0.008
460.0    0.0    0.008
465.0    0.0    0.008
470.0    0.0    0.008
475.0    0.0    0.008
480.0    0.0    0.008
485.0    0.0    0.008
490.0    0.0    0.008
495.0    0.0    0.008
500.0    0.0    0.008
505.0    0.0    0.008
510.0    0.0    0.008
515.0    0.0    0.008
520.0    0.0    0.008
525.0    0.0    0.008
530.0    0.0    0.008
535.0    0.0    0.008
540.0    0.0    0.008
545.0    0.0    0.008
550.0    0.0    0.008
555.0    0.0    0.008
560.0    0.0    0.008
565.0    0.0    0.008
570.0    0.0    0.008
575.0    0.0    0.008
580.0    0.0    0.008
585.0    0.0    0.008
590.0    0.0    0.008
595.0    0.0    0.008
600.0    0.0    0.008
605.0    0.0    0.008
610.0    0.0    0.008
615.0    0.0    0.008
620.0    0.0    0.008
625.0    0.0    0.008
630.0    0.0    0.008
635.0    0.0    0.008
640.0    0.0    0.008
644.8    0.0    0.0
651.0    0.0    0.0
660.0    0.0    0.0
670.0    0.0    0.0
680.0    0.0    0.0
690.0    0.0    0.0
700.0    0.0    0.0
710.0    0.0    0.0
720.0    0.0    0.0
730.0    0.0    0.0
