1.0
186.1    0.0    1.0
187.8    0.0    1.0
189.6    0.0    1.0
191.4    0.0    1.0
193.3    0.0    1.0
195.2    0.0    1.0
197.1    0.0    1.0
199.0    0.0    1.0
201.0    0.0    1.0
203.1    0.0    1.0
205.2    0.0    1.0
207.3    0.0    1.0
209.4    0.0    1.0
211.7    0.0    1.0
213.9    0.0    1.0
216.2    0.0    1.0
218.6    0.0    1.0
221.0    0.0    1.0
223.5    0.0    1.0
226.0    1.31e-20    1.0
228.6    1.42e-20    1.0
231.3    1.56e-20    1.0
234.0    1.74e-20    1.0
236.7    1.89e-20    1.0
239.6    2.05e-20    1.0
242.5    2.19e-20    1.0
245.4    2.33e-20    1.0
248.5    2.52e-20    1.0
251.6    2.69e-20    1.0
254.8    2.85e-20    1.0
258.2    3.13e-20    1.0
261.5    3.38e-20    1.0
265.0    3.62e-20    1.0
268.5    3.94e-20    1.0
272.2    4.27e-20    1.0
275.9    4.5e-20    1.0
279.8    4.86e-20    1.0
283.7    4.76e-20    1.0
287.8    4.79e-20    1.0
292.0    4.65e-20    1.0
296.3    4.2e-20    1.0
300.5    3.71e-20    1.0
303.0    3.52e-20    1.0
304.0    3.44e-20    1.0
305.0    3.36e-20    1.0
306.0    3.16e-20    1.0
307.0    2.96e-20    1.0
308.0    2.76e-20    1.0
309.0    2.56e-20    1.0
310.0    2.37e-20    1.0
311.0    2.27e-20    1.0
312.0    2.18e-20    1.0
313.0    2.08e-20    1.0
314.0    1.99e-20    1.0
316.0    1.82e-20    1.0
320.0    1.51e-20    1.0
325.0    9.38e-21    1.0
330.0    6.52e-21    1.0
335.0    4.82e-21    1.0
340.0    3.23e-21    1.0
345.0    3e-21    1.0
350.0    3.94e-21    1.0
355.0    5.6e-21    1.0
360.0    6.95e-21    1.0
365.0    1.08e-20    1.0
370.0    1.48e-20    1.0
375.0    1.91e-20    1.0
380.0    2.43e-20    1.0
385.0    3.22e-20    1.0
390.0    4.03e-20    1.0
395.0    4.73e-20    0.697
400.0    5.66e-20    0.56
405.0    6.92e-20    0.42925
410.0    8.46e-20    0.32
415.0    9.68e-20    0.288
420.0    1.03e-19    0.27
425.0    1.02e-19    0.22492
430.0    1.01e-19    0.2
435.0    1.06e-19    0.190655
440.0    1.04e-19    0.017
445.0    9.94e-20    0.005
450.0    8.13e-20    0.005
455.0    3.95e-20    0.005
460.0    1.09e-20    0.005
465.0    3.27e-21    0.005
470.0    0.0    0.005
475.0    0.0    0.005
480.0    0.0    0.0
485.0    0.0    0.0
490.0    0.0    0.0
495.0    0.0    0.0
500.0    0.0    0.0
505.0    0.0    0.0
510.0    0.0    0.0
515.0    0.0    0.0
520.0    0.0    0.0
525.0    0.0    0.0
530.0    0.0    0.0
535.0    0.0    0.0
540.0    0.0    0.0
545.0    0.0    0.0
550.0    0.0    0.0
555.0    0.0    0.0
560.0    0.0    0.0
565.0    0.0    0.0
570.0    0.0    0.0
575.0    0.0    0.0
580.0    0.0    0.0
585.0    0.0    0.0
590.0    0.0    0.0
595.0    0.0    0.0
600.0    0.0    0.0
605.0    0.0    0.0
610.0    0.0    0.0
615.0    0.0    0.0
620.0    0.0    0.0
625.0    0.0    0.0
630.0    0.0    0.0
635.0    0.0    0.0
640.0    0.0    0.0
644.8    0.0    0.0
651.0    0.0    0.0
660.0    0.0    0.0
670.0    0.0    0.0
680.0    0.0    0.0
690.0    0.0    0.0
700.0    0.0    0.0
710.0    0.0    0.0
720.0    0.0    0.0
730.0    0.0    0.0
