1.0
186.1    0.0    0.0
187.8    0.0    0.0
189.6    0.0    0.0
191.4    0.0    0.0
193.3    0.0    0.0
195.2    0.0    0.0
197.1    0.0    0.0
199.0    0.0    0.0
201.0    0.0    0.0
203.1    0.0    0.0
205.2    0.0    0.0
207.3    0.0    0.0
209.4    0.0    0.0
211.7    0.0    0.0
213.9    0.0    0.0
216.2    0.0    0.0
218.6    0.0    0.0
221.0    0.0    0.0
223.5    0.0    0.0
226.0    0.0    0.0
228.6    0.0    0.0
231.3    0.0    0.0
234.0    0.0    0.0
236.7    0.0    0.0
239.6    0.0    0.0
242.5    0.0    0.0
245.4    0.0    0.0
248.5    0.0    0.0
251.6    2.31e-21    0.0
254.8    2.55e-21    0.0
258.2    2.96e-21    0.0
261.5    3.44e-21    0.0
265.0    4.65e-21    0.0
268.5    5.94e-21    0.0
272.2    7.67e-21    0.0
275.9    9.98e-21    0.0
279.8    1.33e-20    0.039
283.7    1.7e-20    0.032
287.8    2.15e-20    0.025
292.0    2.67e-20    0.02
296.3    3.24e-20    0.016
300.5    3.955e-20    0.0125
303.0    4.35e-20    0.011
304.0    4.51e-20    0.011
305.0    4.66e-20    0.01
306.0    4.82e-20    0.009
307.0    4.96e-20    0.009
308.0    5.13e-20    0.008
309.0    5.3e-20    0.008
310.0    5.44e-20    0.008
311.0    5.58e-20    0.007
312.0    5.73e-20    0.007
313.0    5.87e-20    0.006
314.0    6.02e-20    0.006
316.0    6.28e-20    0.005
320.0    6.7e-20    0.004
325.0    6.95e-20    0.003
330.0    7.28e-20    0.003
335.0    6.94e-20    0.002
340.0    6.44e-20    0.001
345.0    6.23e-20    0.001
350.0    5.2e-20    0.001
355.0    4.15e-20    0.001
360.0    3.68e-20    0.0
365.0    3.03e-20    0.0
370.0    1.88e-20    0.0
375.0    1.31e-20    0.0
380.0    1.05e-20    0.0
385.0    7.57e-21    0.0
390.0    3.44e-21    0.0
395.0    2.07e-21    0.0
400.0    0.0    0.0
405.0    0.0    0.0
410.0    0.0    0.0
415.0    0.0    0.0
420.0    0.0    0.0
425.0    0.0    0.0
430.0    0.0    0.0
435.0    0.0    0.0
440.0    0.0    0.0
445.0    0.0    0.0
450.0    0.0    0.0
455.0    0.0    0.0
460.0    0.0    0.0
465.0    0.0    0.0
470.0    0.0    0.0
475.0    0.0    0.0
480.0    0.0    0.0
485.0    0.0    0.0
490.0    0.0    0.0
495.0    0.0    0.0
500.0    0.0    0.0
505.0    0.0    0.0
510.0    0.0    0.0
515.0    0.0    0.0
520.0    0.0    0.0
525.0    0.0    0.0
530.0    0.0    0.0
535.0    0.0    0.0
540.0    0.0    0.0
545.0    0.0    0.0
550.0    0.0    0.0
555.0    0.0    0.0
560.0    0.0    0.0
565.0    0.0    0.0
570.0    0.0    0.0
575.0    0.0    0.0
580.0    0.0    0.0
585.0    0.0    0.0
590.0    0.0    0.0
595.0    0.0    0.0
600.0    0.0    0.0
605.0    0.0    0.0
610.0    0.0    0.0
615.0    0.0    0.0
620.0    0.0    0.0
625.0    0.0    0.0
630.0    0.0    0.0
635.0    0.0    0.0
640.0    0.0    0.0
644.8    0.0    0.0
651.0    0.0    0.0
660.0    0.0    0.0
670.0    0.0    0.0
680.0    0.0    0.0
690.0    0.0    0.0
700.0    0.0    0.0
710.0    0.0    0.0
720.0    0.0    0.0
730.0    0.0    0.0
