1.0
186.1    0.0    1.0
187.8    0.0    1.0
189.6    0.0    1.0
191.4    0.0    1.0
193.3    0.0    1.0
195.2    0.0    1.0
197.1    0.0    1.0
199.0    0.0    1.0
201.0    0.0    1.0
203.1    0.0    1.0
205.2    0.0    1.0
207.3    0.0    1.0
209.4    0.0    1.0
211.7    0.0    1.0
213.9    0.0    1.0
216.2    0.0    1.0
218.6    0.0    1.0
221.0    0.0    1.0
223.5    0.0    1.0
226.0    0.0    1.0
228.6    0.0    1.0
231.3    0.0    1.0
234.0    0.0    1.0
236.7    0.0    1.0
239.6    0.0    1.0
242.5    5.77e-20    1.0
245.4    2.79e-20    1.0
248.5    1.62e-20    1.0
251.6    9.98e-21    1.0
254.8    1.05e-20    1.0
258.2    1.28e-20    1.0
261.5    1.58e-20    1.0
265.0    2.05e-20    1.0
268.5    2.64e-20    1.0
272.2    3.24e-20    1.0
275.9    4.07e-20    1.0
279.8    5.21e-20    1.0
283.7    6.23e-20    1.0
287.8    7.59e-20    1.0
292.0    9.51e-20    1.0
296.3    1.15e-19    1.0
300.5    1.32e-19    1.0
303.0    1.32e-19    1.0
304.0    1.61e-19    1.0
305.0    1.61e-19    1.0
306.0    1.61e-19    1.0
307.0    1.61e-19    1.0
308.0    1.88e-19    1.0
309.0    1.88e-19    1.0
310.0    1.88e-19    1.0
311.0    1.88e-19    1.0
312.0    1.88e-19    1.0
313.0    2.16e-19    1.0
314.0    2.16e-19    1.0
316.0    2.16e-19    1.0
320.0    2.53e-19    1.0
325.0    2.87e-19    1.0
330.0    3.17e-19    1.0
335.0    3.58e-19    1.0
340.0    4.02e-19    1.0
345.0    4.18e-19    1.0
350.0    4.62e-19    1.0
355.0    4.97e-19    1.0
360.0    5.09e-19    1.0
365.0    5.49e-19    1.0
370.0    5.61e-19    1.0
375.0    5.9e-19    1.0
380.0    5.93e-19    1.0
385.0    6.01e-19    1.0
390.0    6.3e-19    1.0
395.0    5.97e-19    1.0
400.0    6.44e-19    0.94
405.0    5.82e-19    0.37
410.0    6.24e-19    0.15
415.0    5.91e-19    0.06
420.0    5.99e-19    0.02
425.0    5.7e-19    0.0
430.0    5.44e-19    0.0
435.0    5.59e-19    0.0
440.0    4.88e-19    0.0
445.0    4.88e-19    0.0
450.0    4.98e-19    0.0
455.0    4.16e-19    0.0
460.0    4.36e-19    0.0
465.0    4.14e-19    0.0
470.0    3.37e-19    0.0
475.0    3.87e-19    0.0
480.0    3.37e-19    0.0
485.0    2.54e-19    0.0
490.0    3.08e-19    0.0
495.0    2.94e-19    0.0
500.0    1.82e-19    0.0
505.0    2.43e-19    0.0
510.0    2.31e-19    0.0
515.0    1.6e-19    0.0
520.0    1.61e-19    0.0
525.0    1.79e-19    0.0
530.0    1.53e-19    0.0
535.0    1.06e-19    0.0
540.0    1.08e-19    0.0
545.0    1.27e-19    0.0
550.0    1.1e-19    0.0
555.0    7.97e-20    0.0
560.0    6.05e-20    0.0
565.0    8.7e-20    0.0
570.0    8.48e-20    0.0
575.0    4.71e-20    0.0
580.0    4.47e-20    0.0
585.0    4.69e-20    0.0
590.0    5.39e-20    0.0
595.0    4.08e-20    0.0
600.0    3.95e-20    0.0
605.0    1.85e-20    0.0
610.0    2.54e-20    0.0
615.0    3.53e-20    0.0
620.0    2.57e-20    0.0
625.0    1.96e-20    0.0
630.0    1.21e-20    0.0
635.0    1.33e-20    0.0
640.0    1.53e-20    0.0
644.8    1.92e-20    0.0
651.0    1.35e-20    0.0
660.0    5.66e-21    0.0
670.0    0.0    0.0
680.0    0.0    0.0
690.0    0.0    0.0
700.0    0.0    0.0
710.0    0.0    0.0
720.0    0.0    0.0
730.0    0.0    0.0
