1.0
186.1    0.0    0.0
187.8    0.0    0.0
189.6    0.0    0.0
191.4    0.0    0.0
193.3    0.0    0.0
195.2    0.0    0.0
197.1    0.0    0.0
199.0    0.0    0.0
201.0    0.0    0.0
203.1    0.0    0.0
205.2    0.0    0.0
207.3    0.0    0.0
209.4    0.0    0.0
211.7    0.0    0.0
213.9    0.0    0.0
216.2    0.0    0.0
218.6    0.0    0.0
221.0    0.0    0.0
223.5    0.0    0.0
226.0    0.0    0.0
228.6    0.0    0.0
231.3    0.0    0.0
234.0    0.0    0.0
236.7    0.0    0.0
239.6    0.0    0.0
242.5    0.0    0.0
245.4    0.0    0.0
248.5    0.0    0.0
251.6    0.0    0.0
254.8    0.0    0.0
258.2    0.0    0.0
261.5    0.0    0.0
265.0    0.0    0.0
268.5    0.0    0.0
272.2    0.0    0.0
275.9    0.0    0.0
279.8    0.0    0.0
283.7    0.0    0.0
287.8    0.0    0.0
292.0    0.0    0.0
296.3    0.0    0.0
300.5    0.0    0.0
303.0    0.0    0.0
304.0    0.0    0.0
305.0    0.0    0.0
306.0    0.0    0.0
307.0    0.0    0.0
308.0    0.0    0.0
309.0    0.0    0.0
310.0    0.0    0.0
311.0    0.0    0.0
312.0    0.0    0.0
313.0    0.0    0.0
314.0    0.0    0.0
316.0    0.0    0.0
320.0    0.0    0.0
325.0    0.0    0.0
330.0    0.0    0.0
335.0    0.0    0.0
340.0    0.0    0.0
345.0    0.0    0.0
350.0    0.0    0.0
355.0    0.0    0.0
360.0    0.0    0.0
365.0    0.0    0.0
370.0    0.0    0.0
375.0    0.0    0.0
380.0    0.0    0.0
385.0    0.0    0.0
390.0    0.0    0.0
395.0    0.0    0.0
400.0    0.0    0.0
405.0    2e-20    0.0
410.0    1e-20    0.0
415.0    6e-20    0.0
420.0    9e-20    0.0
425.0    8e-20    0.0
430.0    1.8e-19    0.0
435.0    1.7e-19    0.0
440.0    2.1e-19    0.0
445.0    2.2e-19    0.0
450.0    3.1e-19    0.0
455.0    3.8e-19    0.0
460.0    4.2e-19    0.0
465.0    5.4e-19    0.0
470.0    6.3e-19    0.0
475.0    7.3e-19    0.0
480.0    7.5e-19    0.0
485.0    8.8e-19    0.0
490.0    1.11e-18    0.0
495.0    1.13e-18    0.0
500.0    1.21e-18    0.0
505.0    1.37e-18    0.0
510.0    1.62e-18    0.0
515.0    1.7e-18    0.0
520.0    1.8e-18    0.0
525.0    1.69e-18    0.0
530.0    2.39e-18    0.0
535.0    2.47e-18    0.0
540.0    2.25e-18    0.0
545.0    2.1e-18    0.0
550.0    2.65e-18    0.0
555.0    3.34e-18    0.0
560.0    3.2e-18    0.0
565.0    2.92e-18    0.0
570.0    2.99e-18    0.0
575.0    3.3e-18    0.0
580.0    3.58e-18    0.0
585.0    3.1e-18    0.0
590.0    6.38e-18    0.19
595.0    4.6e-18    0.359
600.0    2.96e-18    0.291
605.0    4.67e-18    0.264
610.0    1.89e-18    0.236
615.0    2.42e-18    0.166
620.0    3.5e-18    0.131
625.0    8.98e-18    0.0985
630.0    7.24e-18    0.0649
635.0    1.54e-18    0.0373
640.0    1.32e-18    0.0203
644.8    9.4e-19    0.0
651.0    5.9e-19    0.0
660.0    7.98e-18    0.0
670.0    1.02e-18    0.0
680.0    7.4e-19    0.0
690.0    1.1e-19    0.0
700.0    0.0    0.0
710.0    0.0    0.0
720.0    0.0    0.0
730.0    0.0    0.0
