1.0		
185.0	0.00E+00	1.0
186.1	6.22E-19	1.0
187.8	5.76E-19	1.0
189.6	5.26E-19	1.0
191.4	4.77E-19	1.0
193.3	4.29E-19	1.0
195.2	3.85E-19	1.0
197.1	3.49E-19	1.0
199.0	3.24E-19	1.0
201.0	3.15E-19	1.0
203.1	3.26E-19	1.0
205.2	3.63E-19	1.0
207.3	4.33E-19	1.0
209.4	5.39E-19	1.0
211.7	6.93E-19	1.0
213.9	9.03E-19	1.0
216.2	1.18E-18	1.0
218.6	1.54E-18	1.0
221.0	1.99E-18	1.0
223.5	2.55E-18	1.0
226.0	3.22E-18	1.0
228.6	4.01E-18	1.0
231.3	4.90E-18	1.0
234.0	5.90E-18	1.0
236.7	6.93E-18	1.0
239.6	8.02E-18	1.0
242.5	9.08E-18	1.0
245.4	1.00E-17	1.0
248.5	1.08E-17	1.0
251.6	1.13E-17	1.0
254.8	1.15E-17	1.0
258.2	1.12E-17	1.0
261.5	1.06E-17	1.0
265.0	9.68E-18	1.0
268.5	8.40E-18	1.0
272.2	6.98E-18	1.0
275.9	5.47E-18	1.0
279.8	4.06E-18	1.0
283.7	2.82E-18	1.0
287.8	1.84E-18	1.0
292.0	1.13E-18	1.0
296.3	6.51E-19	1.0
300.5	3.92E-19	1.0
303.0	2.62E-19	1.0
304.0	2.34E-19	1.0
305.0	2.01E-19	1.0
306.0	1.79E-19	1.0
307.0	1.55E-19	1.0
308.0	1.35E-19	1.0
309.0	1.22E-19	1.0
310.0	1.02E-19	1.0
311.0	9.24E-20	1.0
312.0	7.95E-20	1.0
313.0	6.91E-20	1.0
314.0	6.25E-20	1.0
316.0	4.77E-20	1.0
320.0	2.10E-20	1.0
325.0	1.41E-20	1.0
330.0	6.97E-21	1.0
335.0	3.20E-21	1.0
340.0	1.46E-21	1.0
345.0	7.79E-22	1.0
350.0	3.06E-22	1.0
355.0	1.36E-22	1.0
360.0	6.94E-23	1.0
365.0	3.05E-23	1.0
370.0	1.30E-23	1.0
375.0	8.50E-24	1.0
380.0	5.72E-24	1.0
385.0	5.42E-24	1.0
390.0	6.68E-24	1.0
395.0	9.56E-24	1.0
400.0	1.15E-24	1.0
405.0	1.58E-24	1.0
410.0	2.58E-23	1.0
415.0	2.95E-23	1.0
420.0	3.93E-23	1.0
425.0	6.56E-23	1.0
430.0	6.97E-23	1.0
435.0	8.82E-23	1.0
440.0	1.37E-22	1.0
445.0	1.65E-22	1.0
450.0	1.85E-22	1.0
455.0	2.18E-22	1.0
460.0	3.66E-22	1.0
465.0	3.67E-22	1.0
470.0	4.10E-22	1.0
475.0	4.81E-22	1.0
480.0	7.54E-22	1.0
485.0	8.13E-22	1.0
490.0	8.16E-22	1.0
495.0	9.08E-22	1.0
500.0	1.21E-21	1.0
505.0	1.60E-21	1.0
510.0	1.58E-21	1.0
515.0	1.66E-21	1.0
520.0	1.83E-21	1.0
525.0	2.19E-21	1.0
530.0	2.67E-21	1.0
535.0	2.87E-21	1.0
540.0	2.95E-21	1.0
545.0	3.19E-21	1.0
550.0	3.37E-21	1.0
555.0	3.58E-21	1.0
560.0	3.98E-21	1.0
565.0	4.39E-21	1.0
570.0	4.67E-21	1.0
575.0	4.81E-21	1.0
580.0	4.64E-21	1.0
585.0	4.46E-21	1.0
590.0	4.47E-21	1.0
595.0	4.76E-21	1.0
600.0	5.13E-21	1.0
605.0	5.14E-21	1.0
610.0	4.78E-21	1.0
615.0	4.38E-21	1.0
620.0	4.06E-21	1.0
625.0	3.82E-21	1.0
630.0	3.56E-21	1.0
635.0	3.27E-21	1.0
640.0	2.97E-21	1.0
644.8	2.71E-21	1.0
651.0	2.51E-21	1.0
660.0	2.10E-21	1.0
670.0	1.70E-21	1.0
680.0	1.37E-21	1.0
690.0	1.13E-21	1.0
700.0	8.68E-22	1.0
710.0	7.31E-22	1.0
720.0	6.22E-22	1.0
730.0	4.78E-22	1.0
740.0	0.00E+00	1.0
