1.0				
186.1	0.00E+00	6.22E-19	1.0	1.0
187.8	0.00E+00	5.76E-19	1.0	1.0
189.6	0.00E+00	5.26E-19	1.0	1.0
191.4	0.00E+00	4.77E-19	1.0	1.0
193.3	0.00E+00	4.29E-19	1.0	1.0
195.2	0.00E+00	3.85E-19	1.0	1.0
197.1	3.44E-19	3.49E-19	1.0	1.0
199.0	3.20E-19	3.24E-19	1.0	1.0
201.0	3.12E-19	3.15E-19	1.0	1.0
203.1	3.24E-19	3.26E-19	1.0	1.0
205.2	3.62E-19	3.63E-19	1.0	1.0
207.3	4.32E-19	4.33E-19	1.0	1.0
209.4	5.42E-19	5.39E-19	1.0	1.0
211.7	6.96E-19	6.93E-19	1.0	1.0
213.9	9.06E-19	9.03E-19	1.0	1.0
216.2	1.19E-18	1.18E-18	1.0	1.0
218.6	1.55E-18	1.54E-18	1.0	1.0
221.0	2.01E-18	1.99E-18	1.0	1.0
223.5	2.56E-18	2.55E-18	1.0	1.0
226.0	3.23E-18	3.22E-18	1.0	1.0
228.6	4.03E-18	4.01E-18	1.0	1.0
231.3	4.92E-18	4.90E-18	1.0	1.0
234.0	5.89E-18	5.90E-18	1.0	1.0
236.7	6.92E-18	6.93E-18	1.0	1.0
239.6	7.99E-18	8.02E-18	1.0	1.0
242.5	9.05E-18	9.08E-18	1.0	1.0
245.4	9.95E-18	1.00E-17	1.0	1.0
248.5	1.07E-17	1.08E-17	1.0	1.0
251.6	1.12E-17	1.13E-17	1.0	1.0
254.8	1.14E-17	1.15E-17	1.0	1.0
258.2	1.11E-17	1.12E-17	1.0	1.0
261.5	1.05E-17	1.06E-17	1.0	1.0
265.0	9.52E-18	9.68E-18	1.0	1.0
268.5	8.23E-18	8.40E-18	1.0	1.0
272.2	6.81E-18	6.98E-18	1.0	1.0
275.9	5.31E-18	5.47E-18	1.0	1.0
279.8	3.91E-18	4.06E-18	1.0	1.0
283.7	2.71E-18	2.82E-18	1.0	1.0
287.8	1.75E-18	1.84E-18	1.0	1.0
292.0	1.05E-18	1.13E-18	1.0	1.0
296.3	5.94E-19	6.51E-19	1.0	1.0
300.5	3.51E-19	3.92E-19	1.0	1.0
303.0	2.29E-19	2.62E-19	1.0	1.0
304.0	2.06E-19	2.34E-19	1.0	1.0
305.0	1.73E-19	2.01E-19	1.0	1.0
306.0	1.56E-19	1.79E-19	1.0	1.0
307.0	1.33E-19	1.55E-19	1.0	1.0
308.0	1.15E-19	1.35E-19	1.0	1.0
309.0	1.04E-19	1.22E-19	1.0	1.0
310.0	8.50E-20	1.02E-19	1.0	1.0
311.0	7.76E-20	9.24E-20	1.0	1.0
312.0	6.53E-20	7.95E-20	1.0	1.0
313.0	5.62E-20	6.91E-20	1.0	1.0
314.0	5.05E-20	6.25E-20	1.0	1.0
316.0	3.82E-20	4.77E-20	1.0	1.0
320.0	2.11E-20	2.10E-20	1.0	1.0
325.0	1.02E-20	1.41E-20	1.0	1.0
330.0	4.83E-21	6.97E-21	1.0	1.0
335.0	2.04E-21	3.20E-21	1.0	1.0
340.0	7.97E-22	1.46E-21	1.0	1.0
345.0	0.00E+00	7.79E-22	1.0	1.0
350.0	0.00E+00	3.06E-22	1.0	1.0
355.0	0.00E+00	1.36E-22	1.0	1.0
360.0	0.00E+00	6.94E-23	1.0	1.0
365.0	0.00E+00	3.05E-23	1.0	1.0
370.0	0.00E+00	1.30E-23	1.0	1.0
375.0	0.00E+00	8.50E-24	1.0	1.0
380.0	0.00E+00	5.72E-24	1.0	1.0
385.0	0.00E+00	5.42E-24	1.0	1.0
390.0	0.00E+00	6.68E-24	1.0	1.0
395.0	0.00E+00	9.56E-24	1.0	1.0
400.0	0.00E+00	1.15E-24	1.0	1.0
405.0	0.00E+00	1.58E-24	1.0	1.0
410.0	0.00E+00	2.58E-23	1.0	1.0
415.0	0.00E+00	2.95E-23	1.0	1.0
420.0	0.00E+00	3.93E-23	1.0	1.0
425.0	0.00E+00	6.56E-23	1.0	1.0
430.0	0.00E+00	6.97E-23	1.0	1.0
435.0	0.00E+00	8.82E-23	1.0	1.0
440.0	0.00E+00	1.37E-22	1.0	1.0
445.0	0.00E+00	1.65E-22	1.0	1.0
450.0	0.00E+00	1.85E-22	1.0	1.0
455.0	0.00E+00	2.18E-22	1.0	1.0
460.0	0.00E+00	3.66E-22	1.0	1.0
465.0	0.00E+00	3.67E-22	1.0	1.0
470.0	0.00E+00	4.10E-22	1.0	1.0
475.0	0.00E+00	4.81E-22	1.0	1.0
480.0	0.00E+00	7.54E-22	1.0	1.0
485.0	0.00E+00	8.13E-22	1.0	1.0
490.0	0.00E+00	8.16E-22	1.0	1.0
495.0	0.00E+00	9.08E-22	1.0	1.0
500.0	0.00E+00	1.21E-21	1.0	1.0
505.0	0.00E+00	1.60E-21	1.0	1.0
510.0	0.00E+00	1.58E-21	1.0	1.0
515.0	0.00E+00	1.66E-21	1.0	1.0
520.0	0.00E+00	1.83E-21	1.0	1.0
525.0	0.00E+00	2.19E-21	1.0	1.0
530.0	0.00E+00	2.67E-21	1.0	1.0
535.0	0.00E+00	2.87E-21	1.0	1.0
540.0	0.00E+00	2.95E-21	1.0	1.0
545.0	0.00E+00	3.19E-21	1.0	1.0
550.0	0.00E+00	3.37E-21	1.0	1.0
555.0	0.00E+00	3.58E-21	1.0	1.0
560.0	0.00E+00	3.98E-21	1.0	1.0
565.0	0.00E+00	4.39E-21	1.0	1.0
570.0	0.00E+00	4.67E-21	1.0	1.0
575.0	0.00E+00	4.81E-21	1.0	1.0
580.0	0.00E+00	4.64E-21	1.0	1.0
585.0	0.00E+00	4.46E-21	1.0	1.0
590.0	0.00E+00	4.47E-21	1.0	1.0
595.0	0.00E+00	4.76E-21	1.0	1.0
600.0	0.00E+00	5.13E-21	1.0	1.0
605.0	0.00E+00	5.14E-21	1.0	1.0
610.0	0.00E+00	4.78E-21	1.0	1.0
615.0	0.00E+00	4.38E-21	1.0	1.0
620.0	0.00E+00	4.06E-21	1.0	1.0
625.0	0.00E+00	3.82E-21	1.0	1.0
630.0	0.00E+00	3.56E-21	1.0	1.0
635.0	0.00E+00	3.27E-21	1.0	1.0
640.0	0.00E+00	2.97E-21	1.0	1.0
644.8	0.00E+00	2.71E-21	1.0	1.0
651.0	0.00E+00	2.51E-21	1.0	1.0
660.0	0.00E+00	2.10E-21	1.0	1.0
670.0	0.00E+00	1.70E-21	1.0	1.0
680.0	0.00E+00	1.37E-21	1.0	1.0
690.0	0.00E+00	1.13E-21	1.0	1.0
700.0	0.00E+00	8.68E-22	1.0	1.0
710.0	0.00E+00	7.31E-22	1.0	1.0
720.0	0.00E+00	6.22E-22	1.0	1.0
730.0	0.00E+00	4.78E-22	1.0	1.0
