1.0		
186.1	1.0	0.9
187.8	1.0	0.9
189.6	1.0	0.9
191.4	1.0	0.9
193.3	1.0	0.9
195.2	1.0	0.9
197.1	1.0	0.9
199.0	1.0	0.9
201.0	1.0	0.9
203.1	1.0	0.9
205.2	1.0	0.9
207.3	1.0	0.9
209.4	1.0	0.9
211.7	1.0	0.9
213.9	1.0	0.9
216.2	1.0	0.9
218.6	1.0	0.9
221.0	1.0	0.9
223.5	1.0	0.9
226.0	1.0	0.9
228.6	1.0	0.9
231.3	1.0	0.9
234.0	1.0	0.9
236.7	1.0	0.9
239.6	1.0	0.9
242.5	1.0	0.9
245.4	1.0	0.9
248.5	1.0	0.9
251.6	1.0	0.9
254.8	1.0	0.9
258.2	1.0	0.9
261.5	1.0	0.9
265.0	1.0	0.9
268.5	1.0	0.9
272.2	1.0	0.9
275.9	1.0	0.9
279.8	1.0	0.9
283.7	1.0	0.9
287.8	1.0	0.9
292.0	1.0	0.9
296.3	1.0	0.9
300.5	1.0	0.9
303.0	1.0	0.9
304.0	1.0	0.9
305.0	1.0	0.9
306.0	1.0	0.88
307.0	1.0	0.86
308.0	1.0	0.79
309.0	1.0	0.67
310.0	1.0	0.52
311.0	1.0	0.39
312.0	1.0	0.31
313.0	1.0	0.27
314.0	1.0	0.25
316.0	1.0	0.23
320.0	1.0	0.17
325.0	1.0	0.095
330.0	1.0	0.08
335.0	1.0	0.08
340.0	1.0	0.08
345.0	1.0	0.01
350.0	1.0	0.01
355.0	1.0	0.01
360.0	1.0	0.01
365.0	1.0	0.01
370.0	1.0	0.01
375.0	1.0	0.01
380.0	1.0	0.01
385.0	1.0	0.01
390.0	1.0	0.01
395.0	1.0	0.01
400.0	1.0	0.01
405.0	1.0	0.01
410.0	1.0	0.01
415.0	1.0	0.01
420.0	1.0	0.01
425.0	1.0	0.01
430.0	1.0	0.01
435.0	1.0	0.01
440.0	1.0	0.01
445.0	1.0	0.01
450.0	1.0	0.01
455.0	1.0	0.01
460.0	1.0	0.01
465.0	1.0	0.01
470.0	1.0	0.01
475.0	1.0	0.01
480.0	1.0	0.01
485.0	1.0	0.01
490.0	1.0	0.01
495.0	1.0	0.01
500.0	1.0	0.01
505.0	1.0	0.01
510.0	1.0	0.01
515.0	1.0	0.01
520.0	1.0	0.01
525.0	1.0	0.01
530.0	1.0	0.01
535.0	1.0	0.01
540.0	1.0	0.01
545.0	1.0	0.01
550.0	1.0	0.01
555.0	1.0	0.01
560.0	1.0	0.01
565.0	1.0	0.01
570.0	1.0	0.01
575.0	1.0	0.01
580.0	1.0	0.01
585.0	1.0	0.01
590.0	1.0	0.01
595.0	1.0	0.01
600.0	1.0	0.01
605.0	1.0	0.01
610.0	1.0	0.01
615.0	1.0	0.01
620.0	1.0	0.01
625.0	1.0	0.01
630.0	1.0	0.01
635.0	1.0	0.01
640.0	1.0	0.01
644.8	1.0	0.01
651.0	1.0	0.01
660.0	1.0	0.01
670.0	1.0	0.01
680.0	1.0	0.01
690.0	1.0	0.01
700.0	1.0	0.01
710.0	1.0	0.01
720.0	1.0	0.01
730.0	1.0	0.01
