1.0
186.1    6.22e-19    0.9
187.8    5.76e-19    0.9
189.6    5.26e-19    0.9
191.4    4.77e-19    0.9
193.3    4.29e-19    0.9
195.2    3.85e-19    0.9
197.1    3.49e-19    0.9
199.0    3.24e-19    0.9
201.0    3.15e-19    0.9
203.1    3.26e-19    0.9
205.2    3.63e-19    0.9
207.3    4.33e-19    0.9
209.4    5.39e-19    0.9
211.7    6.93e-19    0.9
213.9    9.03e-19    0.9
216.2    1.18e-18    0.9
218.6    1.54e-18    0.9
221.0    1.99e-18    0.9
223.5    2.55e-18    0.9
226.0    3.22e-18    0.9
228.6    4.01e-18    0.9
231.3    4.9e-18    0.9
234.0    5.9e-18    0.9
236.7    6.93e-18    0.9
239.6    8.02e-18    0.9
242.5    9.08e-18    0.9
245.4    1e-17    0.9
248.5    1.08e-17    0.9
251.6    1.13e-17    0.9
254.8    1.15e-17    0.9
258.2    1.12e-17    0.9
261.5    1.06e-17    0.9
265.0    9.68e-18    0.9
268.5    8.4e-18    0.9
272.2    6.98e-18    0.9
275.9    5.47e-18    0.9
279.8    4.06e-18    0.9
283.7    2.82e-18    0.9
287.8    1.84e-18    0.9
292.0    1.13e-18    0.9
296.3    6.51e-19    0.9
300.5    3.92e-19    0.9
303.0    2.62e-19    0.9
304.0    2.34e-19    0.9
305.0    2.01e-19    0.9
306.0    1.79e-19    0.88
307.0    1.55e-19    0.86
308.0    1.35e-19    0.79
309.0    1.22e-19    0.67
310.0    1.02e-19    0.52
311.0    9.24e-20    0.39
312.0    7.95e-20    0.31
313.0    6.91e-20    0.27
314.0    6.25e-20    0.25
316.0    4.77e-20    0.23
320.0    2.1e-20    0.17
325.0    1.41e-20    0.095
330.0    6.97e-21    0.08
335.0    3.2e-21    0.08
340.0    1.46e-21    0.08
345.0    7.79e-22    0.01
350.0    3.06e-22    0.01
355.0    1.36e-22    0.01
360.0    6.94e-23    0.01
365.0    3.05e-23    0.01
370.0    1.3e-23    0.01
375.0    8.5e-24    0.01
380.0    5.72e-24    0.01
385.0    5.42e-24    0.01
390.0    6.68e-24    0.01
395.0    9.56e-24    0.01
400.0    1.15e-24    0.01
405.0    1.58e-24    0.01
410.0    2.58e-23    0.01
415.0    2.95e-23    0.01
420.0    3.93e-23    0.01
425.0    6.56e-23    0.01
430.0    6.97e-23    0.01
435.0    8.82e-23    0.01
440.0    1.37e-22    0.01
445.0    1.65e-22    0.01
450.0    1.85e-22    0.01
455.0    2.18e-22    0.01
460.0    3.66e-22    0.01
465.0    3.67e-22    0.01
470.0    4.1e-22    0.01
475.0    4.81e-22    0.01
480.0    7.54e-22    0.01
485.0    8.13e-22    0.01
490.0    8.16e-22    0.01
495.0    9.08e-22    0.01
500.0    1.21e-21    0.01
505.0    1.6e-21    0.01
510.0    1.58e-21    0.01
515.0    1.66e-21    0.01
520.0    1.83e-21    0.01
525.0    2.19e-21    0.01
530.0    2.67e-21    0.01
535.0    2.87e-21    0.01
540.0    2.95e-21    0.01
545.0    3.19e-21    0.01
550.0    3.37e-21    0.01
555.0    3.58e-21    0.01
560.0    3.98e-21    0.01
565.0    4.39e-21    0.01
570.0    4.67e-21    0.01
575.0    4.81e-21    0.01
580.0    4.64e-21    0.01
585.0    4.46e-21    0.01
590.0    4.47e-21    0.01
595.0    4.76e-21    0.01
600.0    5.13e-21    0.01
605.0    5.14e-21    0.01
610.0    4.78e-21    0.01
615.0    4.38e-21    0.01
620.0    4.06e-21    0.01
625.0    3.82e-21    0.01
630.0    3.56e-21    0.01
635.0    3.27e-21    0.01
640.0    2.97e-21    0.01
644.8    2.71e-21    0.01
651.0    2.51e-21    0.01
660.0    2.1e-21    0.01
670.0    1.7e-21    0.01
680.0    1.37e-21    0.01
690.0    1.13e-21    0.01
700.0    8.68e-22    0.01
710.0    7.31e-22    0.01
720.0    6.22e-22    0.01
730.0    4.78e-22    0.01
