1.0
186.1    6.22e-19    0.1
187.8    5.76e-19    0.1
189.6    5.26e-19    0.1
191.4    4.77e-19    0.1
193.3    4.29e-19    0.1
195.2    3.85e-19    0.1
197.1    3.49e-19    0.1
199.0    3.24e-19    0.1
201.0    3.15e-19    0.1
203.1    3.26e-19    0.1
205.2    3.63e-19    0.1
207.3    4.33e-19    0.1
209.4    5.39e-19    0.1
211.7    6.93e-19    0.1
213.9    9.03e-19    0.1
216.2    1.18e-18    0.1
218.6    1.54e-18    0.1
221.0    1.99e-18    0.1
223.5    2.55e-18    0.1
226.0    3.22e-18    0.1
228.6    4.01e-18    0.1
231.3    4.9e-18    0.1
234.0    5.9e-18    0.1
236.7    6.93e-18    0.1
239.6    8.02e-18    0.1
242.5    9.08e-18    0.1
245.4    1e-17    0.1
248.5    1.08e-17    0.1
251.6    1.13e-17    0.1
254.8    1.15e-17    0.1
258.2    1.12e-17    0.1
261.5    1.06e-17    0.1
265.0    9.68e-18    0.1
268.5    8.4e-18    0.1
272.2    6.98e-18    0.1
275.9    5.47e-18    0.1
279.8    4.06e-18    0.1
283.7    2.82e-18    0.1
287.8    1.84e-18    0.1
292.0    1.13e-18    0.1
296.3    6.51e-19    0.1
300.5    3.92e-19    0.1
303.0    2.62e-19    0.1
304.0    2.34e-19    0.1
305.0    2.01e-19    0.1
306.0    1.79e-19    0.12
307.0    1.55e-19    0.14
308.0    1.35e-19    0.21
309.0    1.22e-19    0.33
310.0    1.02e-19    0.48
311.0    9.24e-20    0.61
312.0    7.95e-20    0.69
313.0    6.91e-20    0.73
314.0    6.25e-20    0.75
316.0    4.77e-20    0.77
320.0    2.1e-20    0.83
325.0    1.41e-20    0.905
330.0    6.97e-21    0.92
335.0    3.2e-21    0.92
340.0    1.46e-21    0.92
345.0    7.79e-22    0.99
350.0    3.06e-22    0.99
355.0    1.36e-22    0.99
360.0    6.94e-23    0.99
365.0    3.05e-23    0.99
370.0    1.3e-23    0.99
375.0    8.5e-24    0.99
380.0    5.72e-24    0.99
385.0    5.42e-24    0.99
390.0    6.68e-24    0.99
395.0    9.56e-24    0.99
400.0    1.15e-24    0.99
405.0    1.58e-24    0.99
410.0    2.58e-23    0.99
415.0    2.95e-23    0.99
420.0    3.93e-23    0.99
425.0    6.56e-23    0.99
430.0    6.97e-23    0.99
435.0    8.82e-23    0.99
440.0    1.37e-22    0.99
445.0    1.65e-22    0.99
450.0    1.85e-22    0.99
455.0    2.18e-22    0.99
460.0    3.66e-22    0.99
465.0    3.67e-22    0.99
470.0    4.1e-22    0.99
475.0    4.81e-22    0.99
480.0    7.54e-22    0.99
485.0    8.13e-22    0.99
490.0    8.16e-22    0.99
495.0    9.08e-22    0.99
500.0    1.21e-21    0.99
505.0    1.6e-21    0.99
510.0    1.58e-21    0.99
515.0    1.66e-21    0.99
520.0    1.83e-21    0.99
525.0    2.19e-21    0.99
530.0    2.67e-21    0.99
535.0    2.87e-21    0.99
540.0    2.95e-21    0.99
545.0    3.19e-21    0.99
550.0    3.37e-21    0.99
555.0    3.58e-21    0.99
560.0    3.98e-21    0.99
565.0    4.39e-21    0.99
570.0    4.67e-21    0.99
575.0    4.81e-21    0.99
580.0    4.64e-21    0.99
585.0    4.46e-21    0.99
590.0    4.47e-21    0.99
595.0    4.76e-21    0.99
600.0    5.13e-21    0.99
605.0    5.14e-21    0.99
610.0    4.78e-21    0.99
615.0    4.38e-21    0.99
620.0    4.06e-21    0.99
625.0    3.82e-21    0.99
630.0    3.56e-21    0.99
635.0    3.27e-21    0.99
640.0    2.97e-21    0.99
644.8    2.71e-21    0.99
651.0    2.51e-21    0.99
660.0    2.1e-21    0.99
670.0    1.7e-21    0.99
680.0    1.37e-21    0.99
690.0    1.13e-21    0.99
700.0    8.68e-22    0.99
710.0    7.31e-22    0.99
720.0    6.22e-22    0.99
730.0    4.78e-22    0.99
