1.0
186.1    0.0    1.0
187.8    0.0    1.0
189.6    0.0    1.0
191.4    0.0    1.0
193.3    0.0    1.0
195.2    0.0    1.0
197.1    0.0    1.0
199.0    0.0    1.0
201.0    0.0    1.0
203.1    0.0    1.0
205.2    0.0    1.0
207.3    0.0    1.0
209.4    0.0    1.0
211.7    0.0    1.0
213.9    0.0    1.0
216.2    0.0    1.0
218.6    0.0    1.0
221.0    0.0    1.0
223.5    0.0    1.0
226.0    0.0    1.0
228.6    0.0    1.0
231.3    0.0    1.0
234.0    0.0    1.0
236.7    1.62e-19    1.0
239.6    1.14e-19    1.0
242.5    8.7e-20    1.0
245.4    7.02e-20    1.0
248.5    6.01e-20    1.0
251.6    5.62e-20    1.0
254.8    5.14e-20    1.0
258.2    4.94e-20    1.0
261.5    4.73e-20    1.0
265.0    4.48e-20    1.0
268.5    4.18e-20    1.0
272.2    3.84e-20    1.0
275.9    3.38e-20    1.0
279.8    2.9e-20    1.0
283.7    2.42e-20    1.0
287.8    1.94e-20    1.0
292.0    1.52e-20    1.0
296.3    1.12e-20    1.0
300.5    7.87e-21    1.0
303.0    6.33e-21    1.0
304.0    5.75e-21    1.0
305.0    5.25e-21    1.0
306.0    4.75e-21    1.0
307.0    4.32e-21    1.0
308.0    3.89e-21    1.0
309.0    3.52e-21    1.0
310.0    3.14e-21    1.0
311.0    2.8e-21    1.0
312.0    2.46e-21    1.0
313.0    2.21e-21    1.0
314.0    1.95e-21    1.0
316.0    1.54e-21    1.0
320.0    9.08e-22    1.0
325.0    4.5e-22    1.0
330.0    2.09e-22    1.0
335.0    9.6e-23    1.0
340.0    4.19e-23    1.0
345.0    1.84e-23    1.0
350.0    7.99e-24    1.0
355.0    2.94e-24    1.0
360.0    1.81e-24    1.0
365.0    0.0    1.0
370.0    0.0    1.0
375.0    0.0    1.0
380.0    0.0    1.0
385.0    0.0    1.0
390.0    0.0    1.0
395.0    0.0    1.0
400.0    0.0    1.0
405.0    0.0    1.0
410.0    0.0    1.0
415.0    0.0    1.0
420.0    0.0    1.0
425.0    0.0    1.0
430.0    0.0    1.0
435.0    0.0    1.0
440.0    0.0    1.0
445.0    0.0    1.0
450.0    0.0    1.0
455.0    0.0    1.0
460.0    0.0    1.0
465.0    0.0    1.0
470.0    0.0    1.0
475.0    0.0    1.0
480.0    0.0    1.0
485.0    0.0    1.0
490.0    0.0    1.0
495.0    0.0    1.0
500.0    0.0    1.0
505.0    0.0    1.0
510.0    0.0    1.0
515.0    0.0    1.0
520.0    0.0    1.0
525.0    0.0    1.0
530.0    0.0    1.0
535.0    0.0    1.0
540.0    0.0    1.0
545.0    0.0    1.0
550.0    0.0    1.0
555.0    0.0    1.0
560.0    0.0    1.0
565.0    0.0    1.0
570.0    0.0    1.0
575.0    0.0    1.0
580.0    0.0    1.0
585.0    0.0    1.0
590.0    0.0    1.0
595.0    0.0    1.0
600.0    0.0    1.0
605.0    0.0    1.0
610.0    0.0    1.0
615.0    0.0    1.0
620.0    0.0    1.0
625.0    0.0    1.0
630.0    0.0    1.0
635.0    0.0    1.0
640.0    0.0    1.0
644.8    0.0    1.0
651.0    0.0    1.0
660.0    0.0    1.0
670.0    0.0    1.0
680.0    0.0    1.0
690.0    0.0    1.0
700.0    0.0    1.0
710.0    0.0    1.0
720.0    0.0    1.0
730.0    0.0    1.0
