1.0
186.1    0.0    1.0
187.8    0.0    1.0
189.6    0.0    1.0
191.4    0.0    1.0
193.3    0.0    1.0
195.2    0.0    1.0
197.1    0.0    1.0
199.0    0.0    1.0
201.0    0.0    1.0
203.1    0.0    1.0
205.2    0.0    1.0
207.3    0.0    1.0
209.4    3.2e-19    1.0
211.7    2.68e-19    1.0
213.9    2.26e-19    1.0
216.2    1.93e-19    1.0
218.6    1.67e-19    1.0
221.0    1.47e-19    1.0
223.5    1.29e-19    1.0
226.0    1.15e-19    1.0
228.6    1.02e-19    1.0
231.3    8.99e-20    1.0
234.0    7.97e-20    1.0
236.7    7.08e-20    1.0
239.6    6.23e-20    1.0
242.5    5.48e-20    1.0
245.4    4.83e-20    1.0
248.5    4.22e-20    1.0
251.6    3.69e-20    1.0
254.8    3.21e-20    1.0
258.2    2.78e-20    1.0
261.5    2.42e-20    1.0
265.0    2.09e-20    1.0
268.5    1.8e-20    1.0
272.2    1.54e-20    1.0
275.9    1.31e-20    1.0
279.8    1.11e-20    1.0
283.7    9.25e-21    1.0
287.8    7.63e-21    1.0
292.0    6.22e-21    1.0
296.3    5.01e-21    1.0
300.5    4.02e-21    1.0
303.0    3.52e-21    1.0
304.0    3.33e-21    1.0
305.0    3.16e-21    1.0
306.0    2.99e-21    1.0
307.0    2.83e-21    1.0
308.0    2.68e-21    1.0
309.0    2.54e-21    1.0
310.0    2.4e-21    1.0
311.0    2.27e-21    1.0
312.0    2.15e-21    1.0
313.0    2.04e-21    1.0
314.0    1.93e-21    1.0
316.0    1.72e-21    1.0
320.0    1.38e-21    1.0
325.0    1.05e-21    1.0
330.0    8.01e-22    1.0
335.0    6.12e-22    1.0
340.0    4.67e-22    1.0
345.0    3.56e-22    1.0
350.0    2.7e-22    1.0
355.0    2.06e-22    1.0
360.0    1.6e-22    1.0
365.0    0.0    1.0
370.0    0.0    1.0
375.0    0.0    1.0
380.0    0.0    1.0
385.0    0.0    1.0
390.0    0.0    1.0
395.0    0.0    1.0
400.0    0.0    1.0
405.0    0.0    1.0
410.0    0.0    1.0
415.0    0.0    1.0
420.0    0.0    1.0
425.0    0.0    1.0
430.0    0.0    1.0
435.0    0.0    1.0
440.0    0.0    1.0
445.0    0.0    1.0
450.0    0.0    1.0
455.0    0.0    1.0
460.0    0.0    1.0
465.0    0.0    1.0
470.0    0.0    1.0
475.0    0.0    1.0
480.0    0.0    1.0
485.0    0.0    1.0
490.0    0.0    1.0
495.0    0.0    1.0
500.0    0.0    1.0
505.0    0.0    1.0
510.0    0.0    1.0
515.0    0.0    1.0
520.0    0.0    1.0
525.0    0.0    1.0
530.0    0.0    1.0
535.0    0.0    1.0
540.0    0.0    1.0
545.0    0.0    1.0
550.0    0.0    1.0
555.0    0.0    1.0
560.0    0.0    1.0
565.0    0.0    1.0
570.0    0.0    1.0
575.0    0.0    1.0
580.0    0.0    1.0
585.0    0.0    1.0
590.0    0.0    1.0
595.0    0.0    1.0
600.0    0.0    1.0
605.0    0.0    1.0
610.0    0.0    1.0
615.0    0.0    1.0
620.0    0.0    1.0
625.0    0.0    1.0
630.0    0.0    1.0
635.0    0.0    1.0
640.0    0.0    1.0
644.8    0.0    1.0
651.0    0.0    1.0
660.0    0.0    1.0
670.0    0.0    1.0
680.0    0.0    1.0
690.0    0.0    1.0
700.0    0.0    1.0
710.0    0.0    1.0
720.0    0.0    1.0
730.0    0.0    1.0
