1.0
186.1    0.0    0.2
187.8    0.0    0.2
189.6    0.0    0.2
191.4    0.0    0.2
193.3    0.0    0.2
195.2    4.29e-18    0.2
197.1    4.12e-18    0.2
199.0    3.795e-18    0.2
201.0    3.43e-18    0.2
203.1    3.069e-18    0.2
205.2    2.734e-18    0.2
207.3    2.383e-18    0.206
209.4    2.05e-18    0.212
211.7    1.722e-18    0.218
213.9    1.443e-18    0.224
216.2    1.202e-18    0.23
218.6    1.026e-18    0.236
221.0    8.37e-19    0.242
223.5    7.013e-19    0.248
226.0    5.93e-19    0.254
228.6    5.014e-19    0.26
231.3    4.229e-19    0.266
234.0    3.55e-19    0.272
236.7    3.018e-19    0.278
239.6    2.51e-19    0.284
242.5    2.083e-19    0.29
245.4    1.726e-19    0.296
248.5    1.418e-19    0.302
251.6    1.17e-19    0.308
254.8    9.544e-20    0.314
258.2    7.705e-20    0.32
261.5    6.213e-20    0.326
265.0    4.885e-20    0.332
268.5    3.94e-20    0.338
272.2    2.828e-20    0.344
275.9    2.089e-20    0.35
279.8    1.488e-20    0.356
283.7    1.04e-20    0.362
287.8    6.642e-21    0.368
292.0    4.47e-21    0.374
296.3    2.892e-21    0.38
300.5    1.798e-21    0.4
303.0    1.385e-21    0.4
304.0    1.25e-21    0.4
305.0    1.124e-21    0.4
306.0    9.98e-22    0.4
307.0    9.07e-22    0.4
308.0    8.16e-22    0.4
309.0    7.41e-22    0.4
310.0    6.66e-22    0.4
311.0    6.02e-22    0.4
312.0    5.38e-22    0.4
313.0    5e-22    0.4
314.0    4.62e-22    0.4
316.0    3.63e-22    0.4
320.0    2.52e-22    0.4
325.0    1.54e-22    0.4
330.0    1.032e-22    0.4
335.0    6.547e-23    0.4
340.0    4.666e-23    0.4
345.0    2.495e-23    0.4
350.0    2.142e-23    0.4
355.0    0.0    0.4
360.0    0.0    0.4
365.0    0.0    0.4
370.0    0.0    0.4
375.0    0.0    0.4
380.0    0.0    0.4
385.0    0.0    0.4
390.0    0.0    0.4
395.0    0.0    0.4
400.0    0.0    0.4
405.0    0.0    0.4
410.0    0.0    0.4
415.0    0.0    0.4
420.0    0.0    0.4
425.0    0.0    0.4
430.0    0.0    0.4
435.0    0.0    0.4
440.0    0.0    0.4
445.0    0.0    0.4
450.0    0.0    0.4
455.0    0.0    0.4
460.0    0.0    0.4
465.0    0.0    0.4
470.0    0.0    0.4
475.0    0.0    0.4
480.0    0.0    0.4
485.0    0.0    0.4
490.0    0.0    0.4
495.0    0.0    0.4
500.0    0.0    0.4
505.0    0.0    0.4
510.0    0.0    0.4
515.0    0.0    0.4
520.0    0.0    0.4
525.0    0.0    0.4
530.0    0.0    0.4
535.0    0.0    0.4
540.0    0.0    0.4
545.0    0.0    0.4
550.0    0.0    0.4
555.0    0.0    0.4
560.0    0.0    0.4
565.0    0.0    0.4
570.0    0.0    0.4
575.0    0.0    0.4
580.0    0.0    0.4
585.0    0.0    0.4
590.0    0.0    0.4
595.0    0.0    0.4
600.0    0.0    0.4
605.0    0.0    0.4
610.0    0.0    0.4
615.0    0.0    0.4
620.0    0.0    0.4
625.0    0.0    0.4
630.0    0.0    0.4
635.0    0.0    0.4
640.0    0.0    0.4
644.8    0.0    0.4
651.0    0.0    0.4
660.0    0.0    0.4
670.0    0.0    0.4
680.0    0.0    0.4
690.0    0.0    0.4
700.0    0.0    0.4
710.0    0.0    0.4
720.0    0.0    0.4
730.0    0.0    0.4
