1.0
186.1    0.0    0.8
187.8    0.0    0.8
189.6    0.0    0.8
191.4    0.0    0.8
193.3    0.0    0.8
195.2    4.29e-18    0.8
197.1    4.12e-18    0.8
199.0    3.795e-18    0.8
201.0    3.43e-18    0.8
203.1    3.069e-18    0.8
205.2    2.734e-18    0.8
207.3    2.383e-18    0.794
209.4    2.05e-18    0.788
211.7    1.722e-18    0.782
213.9    1.443e-18    0.776
216.2    1.202e-18    0.77
218.6    1.026e-18    0.764
221.0    8.37e-19    0.758
223.5    7.013e-19    0.752
226.0    5.93e-19    0.746
228.6    5.014e-19    0.74
231.3    4.229e-19    0.734
234.0    3.55e-19    0.728
236.7    3.018e-19    0.722
239.6    2.51e-19    0.716
242.5    2.083e-19    0.71
245.4    1.726e-19    0.704
248.5    1.418e-19    0.698
251.6    1.17e-19    0.692
254.8    9.544e-20    0.686
258.2    7.705e-20    0.68
261.5    6.213e-20    0.674
265.0    4.885e-20    0.668
268.5    3.94e-20    0.662
272.2    2.828e-20    0.656
275.9    2.089e-20    0.65
279.8    1.488e-20    0.644
283.7    1.04e-20    0.638
287.8    6.642e-21    0.632
292.0    4.47e-21    0.626
296.3    2.892e-21    0.62
300.5    1.798e-21    0.6
303.0    1.385e-21    0.6
304.0    1.25e-21    0.6
305.0    1.124e-21    0.6
306.0    9.98e-22    0.6
307.0    9.07e-22    0.6
308.0    8.16e-22    0.6
309.0    7.41e-22    0.6
310.0    6.66e-22    0.6
311.0    6.02e-22    0.6
312.0    5.38e-22    0.6
313.0    5e-22    0.6
314.0    4.62e-22    0.6
316.0    3.63e-22    0.6
320.0    2.52e-22    0.6
325.0    1.54e-22    0.6
330.0    1.032e-22    0.6
335.0    6.547e-23    0.6
340.0    4.666e-23    0.6
345.0    2.495e-23    0.6
350.0    2.142e-23    0.6
355.0    0.0    0.6
360.0    0.0    0.6
365.0    0.0    0.6
370.0    0.0    0.6
375.0    0.0    0.6
380.0    0.0    0.6
385.0    0.0    0.6
390.0    0.0    0.6
395.0    0.0    0.6
400.0    0.0    0.6
405.0    0.0    0.6
410.0    0.0    0.6
415.0    0.0    0.6
420.0    0.0    0.6
425.0    0.0    0.6
430.0    0.0    0.6
435.0    0.0    0.6
440.0    0.0    0.6
445.0    0.0    0.6
450.0    0.0    0.6
455.0    0.0    0.6
460.0    0.0    0.6
465.0    0.0    0.6
470.0    0.0    0.6
475.0    0.0    0.6
480.0    0.0    0.6
485.0    0.0    0.6
490.0    0.0    0.6
495.0    0.0    0.6
500.0    0.0    0.6
505.0    0.0    0.6
510.0    0.0    0.6
515.0    0.0    0.6
520.0    0.0    0.6
525.0    0.0    0.6
530.0    0.0    0.6
535.0    0.0    0.6
540.0    0.0    0.6
545.0    0.0    0.6
550.0    0.0    0.6
555.0    0.0    0.6
560.0    0.0    0.6
565.0    0.0    0.6
570.0    0.0    0.6
575.0    0.0    0.6
580.0    0.0    0.6
585.0    0.0    0.6
590.0    0.0    0.6
595.0    0.0    0.6
600.0    0.0    0.6
605.0    0.0    0.6
610.0    0.0    0.6
615.0    0.0    0.6
620.0    0.0    0.6
625.0    0.0    0.6
630.0    0.0    0.6
635.0    0.0    0.6
640.0    0.0    0.6
644.8    0.0    0.6
651.0    0.0    0.6
660.0    0.0    0.6
670.0    0.0    0.6
680.0    0.0    0.6
690.0    0.0    0.6
700.0    0.0    0.6
710.0    0.0    0.6
720.0    0.0    0.6
730.0    0.0    0.6
