1.0
186.1    0.0    0.03
187.8    0.0    0.03
189.6    0.0    0.03
191.4    0.0    0.03
193.3    0.0    0.03
195.2    0.0    0.03
197.1    0.0    0.03
199.0    0.0    0.03
201.0    0.0    0.03
203.1    0.0    0.03
205.2    0.0    0.03
207.3    0.0    0.03
209.4    0.0    0.03
211.7    0.0    0.03
213.9    0.0    0.03
216.2    0.0    0.03
218.6    0.0    0.03
221.0    0.0    0.03
223.5    0.0    0.03
226.0    0.0    0.03
228.6    0.0    0.03
231.3    0.0    0.03
234.0    0.0    0.03
236.7    0.0    0.03
239.6    0.0    0.03
242.5    0.0    0.03
245.4    0.0    0.03
248.5    0.0    0.03
251.6    0.0    0.03
254.8    0.0    0.03
258.2    2.8e-21    0.03
261.5    3.3e-21    0.03
265.0    3.8e-21    0.03
268.5    5.3e-21    0.03
272.2    6.6e-21    0.03
275.9    9e-21    0.03
279.8    1.18e-20    0.03
283.7    1.54e-20    0.03
287.8    1.95e-20    0.03
292.0    2.4e-20    0.03
296.3    2.93e-20    0.03
300.5    3.51e-20    0.03
303.0    3.86e-20    0.03
304.0    4.02e-20    0.03
305.0    4.17e-20    0.03
306.0    4.33e-20    0.03
307.0    4.45e-20    0.03
308.0    4.58e-20    0.03
309.0    4.64e-20    0.03
310.0    4.79e-20    0.03
311.0    4.92e-20    0.03
312.0    5.05e-20    0.03
313.0    5.19e-20    0.03
314.0    5.32e-20    0.03
316.0    5.58e-20    0.03
320.0    5.85e-20    0.03
325.0    6.14e-20    0.03
330.0    6.45e-20    0.03
335.0    5.86e-20    0.03
340.0    5.88e-20    0.03
345.0    5.39e-20    0.03
350.0    4.13e-20    0.03
355.0    3.88e-20    0.03
360.0    3.45e-20    0.03
365.0    1.94e-20    0.03
370.0    1.43e-20    0.03
375.0    1.27e-20    0.03
380.0    8.1e-21    0.03
385.0    2.8e-21    0.03
390.0    1.4e-21    0.03
395.0    0.0    0.03
400.0    0.0    0.03
405.0    0.0    0.03
410.0    0.0    0.03
415.0    0.0    0.03
420.0    0.0    0.03
425.0    0.0    0.03
430.0    0.0    0.03
435.0    0.0    0.03
440.0    0.0    0.03
445.0    0.0    0.03
450.0    0.0    0.03
455.0    0.0    0.03
460.0    0.0    0.03
465.0    0.0    0.03
470.0    0.0    0.03
475.0    0.0    0.03
480.0    0.0    0.03
485.0    0.0    0.0
490.0    0.0    0.0
495.0    0.0    0.0
500.0    0.0    0.0
505.0    0.0    0.0
510.0    0.0    0.0
515.0    0.0    0.0
520.0    0.0    0.0
525.0    0.0    0.0
530.0    0.0    0.0
535.0    0.0    0.0
540.0    0.0    0.0
545.0    0.0    0.0
550.0    0.0    0.0
555.0    0.0    0.0
560.0    0.0    0.0
565.0    0.0    0.0
570.0    0.0    0.0
575.0    0.0    0.0
580.0    0.0    0.0
585.0    0.0    0.0
590.0    0.0    0.0
595.0    0.0    0.0
600.0    0.0    0.0
605.0    0.0    0.0
610.0    0.0    0.0
615.0    0.0    0.0
620.0    0.0    0.0
625.0    0.0    0.0
630.0    0.0    0.0
635.0    0.0    0.0
640.0    0.0    0.0
644.8    0.0    0.0
651.0    0.0    0.0
660.0    0.0    0.0
670.0    0.0    0.0
680.0    0.0    0.0
690.0    0.0    0.0
700.0    0.0    0.0
710.0    0.0    0.0
720.0    0.0    0.0
730.0    0.0    0.0
