EC T42 Longitude (mid_pnt deg.) (XDGRD(J),I=1,IM)  IM= 128
    0.00    2.81    5.62    8.44   11.25   14.06   16.88   19.69   22.50   25.31   28.12   30.94   33.75   36.56   39.38   42.19
   45.00   47.81   50.62   53.44   56.25   59.06   61.88   64.69   67.50   70.31   73.12   75.94   78.75   81.56   84.38   87.19
   90.00   92.81   95.62   98.44  101.25  104.06  106.88  109.69  112.50  115.31  118.12  120.94  123.75  126.56  129.38  132.19
  135.00  137.81  140.62  143.44  146.25  149.06  151.88  154.69  157.50  160.31  163.12  165.94  168.75  171.56  174.38  177.19
  180.00 -177.19 -174.38 -171.56 -168.75 -165.94 -163.12 -160.31 -157.50 -154.69 -151.88 -149.06 -146.25 -143.44 -140.62 -137.81
 -135.00 -132.19 -129.38 -126.56 -123.75 -120.94 -118.12 -115.31 -112.50 -109.69 -106.88 -104.06 -101.25  -98.44  -95.62  -92.81
  -90.00  -87.19  -84.38  -81.56  -78.75  -75.94  -73.12  -70.31  -67.50  -64.69  -61.88  -59.06  -56.25  -53.44  -50.62  -47.81
  -45.00  -42.19  -39.38  -36.56  -33.75  -30.94  -28.12  -25.31  -22.50  -19.69  -16.88  -14.06  -11.25   -8.44   -5.62   -2.81
EC T42 Latitude (mid_pnt deg.) (YDGRD(J),J=1,JM)  JM=  64
  -87.86  -85.10  -82.31  -79.53  -76.74  -73.95  -71.16  -68.37  -65.58  -62.79  -60.00  -57.21  -54.42  -51.63  -48.84  -46.04
  -43.25  -40.46  -37.67  -34.88  -32.09  -29.30  -26.51  -23.72  -20.93  -18.14  -15.35  -12.56   -9.77   -6.98   -4.19   -1.40
    1.40    4.19    6.98    9.77   12.56   15.35   18.14   20.93   23.72   26.51   29.30   32.09   34.88   37.67   40.46   43.25
   46.04   48.84   51.63   54.42   57.21   60.00   62.79   65.58   68.37   71.16   73.95   76.74   79.53   82.31   85.10   87.86
EC T42 Area in m^2 (AREAXY(1,J),J=1,JM)  IM/JM= 128  64
    3.60    8.30   13.00   18.00   22.00   27.00   31.00   36.00   40.00   44.00   49.00   53.00   56.00   60.00   64.00   67.00
   71.00   74.00   77.00   80.00   82.00   85.00   87.00   89.00   91.00   92.00   94.00   95.00   96.00   96.00   97.00   97.00
   97.00   97.00   96.00   96.00   95.00   94.00   92.00   91.00   89.00   87.00   85.00   82.00   80.00   77.00   74.00   71.00
   67.00   64.00   60.00   56.00   53.00   49.00   44.00   40.00   36.00   31.00   27.00   22.00   18.00   13.00    8.30    3.60
EC/Olso T42 Y2000-01 annual mean surface pressure  ((P(I,J),I=1,IM),J=1,JM)  IM/JM= 128  64
   697.1   695.7   694.3   692.9   691.5   690.1   688.7   687.4   686.0   684.7   683.4   682.1   680.9   679.6   678.5   677.3
   676.3   675.2   674.2   673.3   672.4   671.6   670.8   670.1   669.4   668.8   668.2   667.7   667.2   666.8   666.3   666.0
   665.6   665.3   665.1   664.9   664.7   664.6   664.5   664.5   664.6   664.8   665.0   665.3   665.7   666.2   666.9   667.6
   668.5   669.5   670.6   671.9   673.3   674.8   676.4   678.1   680.0   681.9   683.9   686.0   688.1   690.3   692.5   694.8
   697.0   699.1   701.3   703.4   705.4   707.3   709.1   710.8   712.4   713.8   715.1   716.2   717.3   718.1   718.9   719.5
   720.0   720.4   720.7   720.9   721.0   721.0   721.0   721.0   720.9   720.8   720.7   720.6   720.5   720.5   720.4   720.3
   720.3   720.2   720.2   720.2   720.1   720.0   719.9   719.8   719.6   719.4   719.1   718.7   718.3   717.8   717.3   716.6
   715.9   715.1   714.3   713.3   712.3   711.3   710.2   709.0   707.8   706.6   705.3   704.0   702.6   701.3   699.9   698.5
   737.0   732.9   728.8   724.5   720.2   715.7   711.1   706.3   701.5   696.5   691.5   686.6   681.7   677.0   672.6   668.4
   664.7   661.3   658.4   656.0   654.1   652.7   651.8   651.3   651.3   651.7   652.5   653.6   654.9   656.3   657.9   659.5
   661.2   662.8   664.3   665.8   667.1   668.3   669.5   670.6   671.7   672.9   674.2   675.7   677.5   679.6   682.3   685.4
   689.1   693.4   698.3   704.0   710.3   717.2   724.9   733.1   741.9   751.2   760.8   770.8   781.0   791.2   801.4   811.5
   821.2   830.6   839.4   847.6   854.9   861.4   866.9   871.3   874.6   876.6   877.5   877.1   875.6   872.9   869.2   864.7
   859.3   853.4   847.0   840.4   833.8   827.3   821.1   815.4   810.2   805.9   802.4   799.7   798.0   797.3   797.4   798.4
   800.2   802.7   805.6   809.0   812.5   816.1   819.5   822.6   825.2   827.2   828.5   828.9   828.4   827.0   824.8   821.8
   818.0   813.6   808.6   803.3   797.6   791.9   786.1   780.3   774.7   769.2   764.0   759.0   754.3   749.8   745.4   741.2
   757.7   752.8   747.8   742.4   736.4   729.7   722.1   713.7   704.5   694.7   684.4   674.0   663.6   653.5   644.0   635.3
   627.5   620.7   615.0   610.5   607.0   604.6   603.1   602.5   602.6   603.6   605.2   607.5   610.4   613.9   617.9   622.2
   626.9   631.7   636.5   641.3   645.8   650.1   654.2   657.9   661.5   665.0   668.7   672.7   677.3   682.7   689.0   696.6
   705.5   715.9   727.9   741.4   756.5   773.1   791.0   810.1   830.0   850.4   871.0   891.5   911.4   930.4   948.1   964.4
   979.0   991.7  1002.6  1011.5  1018.5  1023.3  1026.1  1026.7  1025.0  1021.1  1014.8  1006.1   995.3   982.4   967.7   951.6
   934.4   916.6   898.6   881.0   864.2   848.5   834.4   822.2   812.2   804.6   799.6   797.3   797.8   801.1   807.1   815.7
   826.7   839.8   854.6   870.7   887.4   904.1   920.2   934.9   947.6   957.7   964.8   968.5   968.8   965.6   959.2   949.9
   938.2   924.7   909.8   894.2   878.4   862.8   847.8   833.7   820.7   808.9   798.4   789.2   781.2   774.2   768.1   762.7
   732.9   724.6   717.3   710.8   704.6   698.5   691.9   684.8   677.0   668.6   659.8   651.0   642.6   635.1   628.8   624.0
   621.0   619.6   619.6   620.6   622.1   623.5   624.3   624.1   622.6   619.9   616.5   612.7   609.1   606.5   605.3   605.7
   608.0   611.9   617.1   623.3   629.8   636.3   642.3   647.7   652.5   656.9   661.1   665.6   670.6   676.6   683.9   692.7
   703.3   715.8   730.5   747.5   766.8   788.5   812.6   838.8   866.5   895.0   923.4   950.6   975.5   996.9  1014.0  1026.5
  1034.4  1038.0  1037.9  1035.0  1030.0  1023.5  1015.9  1007.4   997.8   986.9   974.5   960.5   944.7   927.5   909.2   890.3
   871.5   853.4   836.5   821.3   808.0   796.8   787.7   780.9   776.2   773.7   773.6   775.7   780.4   787.8   797.9   810.9
   826.6   845.1   865.8   888.4   912.1   936.3   959.9   982.0  1001.6  1017.9  1030.1  1037.6  1040.1  1037.8  1030.9  1019.9
  1005.6   988.7   970.0   950.2   929.8   909.4   889.1   869.2   849.8   831.2   813.4   796.6   780.9   766.7   753.9   742.6
   686.4   668.4   654.5   644.5   637.8   633.6   631.1   629.6   628.3   626.8   624.9   622.6   620.6   619.4   619.9   623.1
   629.8   640.1   654.1   670.9   688.9   705.9   719.3   726.9   727.1   719.7   705.6   687.3   667.4   648.8   633.7   623.5
   618.9   619.4   624.2   632.0   641.0   649.8   657.2   662.8   666.4   668.6   670.0   671.4   673.5   676.5   680.6   685.8
   692.0   699.2   707.6   717.6   730.0   745.4   764.8   788.6   816.8   849.0   883.7   918.9   952.0   980.4  1002.0  1015.5
  1020.8  1019.1  1012.3  1002.8   992.6   983.1   974.9   967.9   961.3   954.1   945.2   933.9   920.1   904.4   887.6   871.0
   856.1   843.9   835.1   830.0   828.6   830.1   833.7   838.4   843.3   847.6   851.1   853.7   855.8   857.8   860.5   864.3
   869.6   876.5   885.1   895.0   906.2   918.2   930.8   943.8   956.7   969.3   981.0   991.2   999.3  1004.7  1007.1  1006.6
  1003.3   997.8   990.4   981.5   971.1   958.9   944.5   927.1   906.3   882.0   854.5   824.6   793.7   763.1   734.3   708.5
   729.1   706.7   690.3   679.4   673.5   671.7   672.9   676.0   679.6   682.2   682.5   679.7   673.4   664.5   654.6   646.3
   642.2   644.8   655.9   676.0   704.0   737.0   769.8   796.4   810.7   809.0   791.2   761.1   724.8   688.8   658.3   636.8
   625.2   623.1   628.6   638.8   650.7   661.5   669.3   673.2   673.7   672.0   669.5   667.6   667.1   668.5   671.6   676.1
   681.4   687.0   692.6   698.7   705.8   715.4   729.0   748.1   773.6   805.8   843.7   884.8   925.7   962.1   990.5  1008.5
  1015.9  1014.7  1008.2  1000.3   994.1   991.5   993.0   997.7  1003.4  1007.9  1008.9  1005.1   996.3   983.5   968.5   953.8
   941.3   932.8   929.2   930.7   936.6   945.5   955.7   965.1   972.0   975.3   974.5   970.2   963.6   956.0   948.6   942.2
   937.0   932.7   928.5   924.1   919.3   914.4   910.6   909.1   910.9   916.9   926.8   939.8   954.3   968.4   980.3   988.8
   993.9   996.0   996.5   996.4   996.3   995.8   993.6   987.8   976.5   958.2   932.6   900.7   864.5   826.8   790.3   757.2
   895.0   883.0   874.0   867.7   864.0   862.7   863.8   866.9   871.1   874.5   874.6   868.1   852.5   827.1   794.0   757.4
   723.2   697.4   684.4   687.0   706.0   739.3   781.7   824.9   858.8   874.5   867.3   839.4   798.1   753.1   712.9   683.0
   665.5   659.9   663.6   673.0   684.4   694.4   701.2   704.3   704.3   702.1   698.8   695.2   692.2   690.8   692.0   696.7
   705.3   717.5   732.5   748.7   765.0   780.9   796.8   814.2   834.6   859.2   887.9   919.2   950.2   977.4   997.2  1007.9
  1009.9  1005.2   997.7   990.9   987.6   989.3   995.5  1004.7  1014.5  1022.6  1027.2  1027.9  1025.1  1019.9  1013.7  1007.8
  1003.1  1000.3   999.5  1000.8  1003.7  1007.6  1011.4  1013.9  1014.1  1011.4  1005.8   998.4   990.6   984.2   980.3   979.2
   980.3   981.6   981.0   976.5   967.5   954.9   941.1   929.3   922.6   923.2   931.4   946.0   964.1   981.8   995.5  1002.8
  1003.5   999.1   992.7   987.4   985.3   987.2   992.2   998.0  1001.9  1001.4   995.0   982.8   966.1   947.0   927.8   910.0
  1018.5  1021.8  1023.4  1023.0  1020.6  1016.9  1013.0  1010.4  1010.2  1012.4  1015.5  1016.2  1010.0   993.2   964.3   925.6
   883.1   844.1   815.5   802.4   806.9   828.5   863.1   903.8   941.0   965.5   970.7   955.6   925.1   887.1   850.3   820.9
   801.8   792.9   792.0   795.6   801.0   806.5   811.8   817.5   823.6   829.2   832.0   830.1   822.9   812.4   802.7   798.5
   803.3   818.5   842.4   871.3   900.0   924.4   942.4   954.5   962.8   969.8   977.1   984.8   992.3   998.1  1001.2  1001.2
   998.4   994.1   989.6   986.5   985.5   986.7   988.9   990.8   991.1   989.4   986.6   984.3   983.9   986.1   990.6   996.2
  1001.1  1004.2  1004.7  1002.9   999.8   996.3   993.4   991.4   990.1   988.6   986.5   983.7   980.7   978.8   979.4   983.0
   989.1   996.1  1001.4  1002.4   997.6   987.1   973.4   960.0   950.6   947.9   952.8   964.0   978.4   992.0  1001.0  1003.1
   998.5   989.2   978.8   970.2   965.8   966.1   970.5   977.0   983.9   989.8   994.3   997.8  1001.1  1004.9  1009.3  1014.1
   998.9  1001.8  1003.5  1004.8  1005.8  1005.8  1004.0  1000.5   996.4   993.8   994.3   998.3  1004.4  1009.6  1010.7  1005.7
   995.1   981.3   968.3   959.6   957.4   962.2   972.6   986.1   999.7  1010.4  1016.0  1015.2  1008.5   997.5   984.9   973.5
   965.0   959.7   956.4   953.3   949.8   946.8   946.5   951.4   962.0   976.0   988.2   992.8   986.8   971.9   954.1   940.9
   938.0   946.9   964.8   986.0  1004.2  1015.7  1019.9  1019.3  1016.8  1014.2  1011.7  1008.5  1004.2   999.5   995.7   994.1
   994.8   996.8   999.2  1001.0  1002.3  1002.9  1002.4   999.8   994.5   987.3   980.1   975.6   975.3   979.1   985.3   991.8
   996.6   999.1   999.4   998.0   995.6   993.1   991.5   991.2   992.4   994.2   995.4   994.9   992.4   988.6   984.8   982.1
   981.4   982.5   984.6   986.3   986.3   983.8   979.0   973.3   968.6   966.6   968.1   972.3   977.4   981.2   982.4   980.7
   977.0   972.7   969.2   967.5   967.6   969.1   970.6   971.0   969.8   967.8   966.5   967.8   972.3   979.4   987.3   994.1
   981.3   980.5   980.2   982.4   987.0   992.6   996.5   996.7   992.9   986.6   980.7   977.5   978.2   982.1   987.6   992.9
   996.9   999.5  1001.2  1002.2  1002.1  1000.3   996.3   990.6   984.9   981.3   981.3   985.5   992.7  1000.6  1007.3  1011.4
  1013.2  1013.4  1012.5  1010.1  1005.9  1000.2   994.6   991.7   993.3   999.3  1007.2  1013.3  1014.6  1011.2  1005.8  1002.6
  1004.1  1009.7  1015.8  1018.2  1014.6  1006.3   997.4   992.0   992.3   996.9  1002.0  1003.7  1000.8   995.1   990.6   990.0
   993.2   997.5   999.5   998.4   995.5   993.5   993.3   993.6   992.2   988.5   984.3   982.2   983.5   986.6   989.0   989.3
   988.5   988.9   992.3   998.0  1003.6  1006.9  1007.6  1006.6  1005.4  1004.3  1003.2  1001.3   998.5   995.1   991.4   987.7
   984.1   981.0   979.2   979.3   981.1   983.7   985.6   986.1   985.4   984.7   984.6   984.6   983.8   981.1   976.9   972.5
   969.6   968.6   969.2   970.7   972.5   974.3   975.1   973.9   970.2   965.0   960.7   959.9   963.4   969.8   976.3   980.4
   999.0  1003.4  1007.0  1009.7  1011.7  1013.0  1013.4  1012.5  1010.3  1007.0  1003.6  1000.6   998.4   996.1   992.7   987.7
   981.6   975.7   971.4   969.8   970.8   973.4   976.0   977.2   976.5   974.3   972.6   973.2   976.6   982.0   986.9   989.4
   989.3   988.1   987.9   989.5   992.2   993.9   992.7   988.4   982.4   977.0   973.8   973.7   976.2   980.3   985.7   991.9
   998.3  1003.5  1005.7  1004.3   999.8   994.5   990.9   990.8   994.4  1000.1  1005.1  1006.4  1002.7   996.1   990.6   989.6
   992.9   996.4   995.6   989.4   981.4   976.7   977.2   980.0   980.3   976.2   970.9   969.1   972.6   978.2   981.2   979.8
   977.3   979.0   986.8   997.9  1006.8  1010.0  1008.2  1004.6  1001.8  1000.1   998.5   996.7   995.3   995.5   996.9   998.0
   997.2   994.6   991.4   989.8   990.6   992.8   994.3   993.6   990.9   988.1   987.1   987.9   988.2   986.2   981.6   976.6
   973.1   971.2   969.2   966.4   963.6   963.2   965.7   969.3   971.2   970.4   968.6   968.7   972.3   978.9   986.5   993.4
   984.4   996.0  1006.2  1011.4  1010.5  1006.1  1001.4   998.4   997.1   997.0   997.4   998.1   998.7   998.2   996.1   992.1
   986.9   981.3   976.4   973.0   972.1   974.1   978.6   984.2   988.4   989.4   987.2   984.0   982.7   984.5   988.2   991.2
   991.7   990.1   988.5   988.7   991.2   994.9   997.8   998.3   995.9   991.8   988.3   987.2   988.6   991.5   994.4   996.3
   997.2   997.6   998.7  1001.6  1007.0  1013.6  1018.7  1019.4  1015.3  1009.2  1004.5  1002.5  1001.0   997.7   993.0   990.2
   991.4   995.0   996.4   992.8   986.7   983.8   986.4   990.8   990.3   982.7   973.1   969.4   974.5   983.7   989.6   989.3
   987.1   989.1   996.4  1004.0  1006.6  1003.6   999.6   999.3  1003.0  1006.8  1007.3  1004.5  1001.3  1000.2  1000.9  1001.0
   999.0   995.4   992.0   990.4   990.8   992.4   993.8   993.4   990.8   987.3   985.6   986.6   988.2   986.9   982.0   976.2
   973.0   972.0   970.0   965.1   959.2   956.9   959.9   965.8   969.9   970.4   968.8   967.6   967.6   968.5   970.5   975.4
   970.0   982.6   995.5  1003.2  1005.3  1004.7  1004.5  1004.8  1004.0  1001.1   997.2   994.0   992.0   990.9   990.1   989.9
   990.4   991.6   992.8   993.3   992.3   989.7   986.4   983.2   980.6   977.8   974.6   972.4   973.3   978.7   987.0   995.2
  1001.1  1004.1  1004.5  1002.8   999.4   995.7   993.2   992.7   993.7   995.5   997.9  1001.2  1004.7  1007.4  1008.6  1008.7
  1008.8  1009.5  1010.4  1011.9  1014.6  1018.4  1020.5  1017.5  1008.8   998.7   993.5   995.8  1001.5  1003.5   998.0   988.6
   982.2   982.6   986.7   988.6   986.5   984.4   986.8   992.7   996.0   992.6   985.9   983.4   988.4   996.2  1000.0   998.3
   996.3   998.8  1004.2  1006.8  1003.8   998.9   998.2  1003.6  1010.7  1013.4  1009.9  1004.1  1000.9  1001.4  1002.3  1000.2
   996.1   993.6   994.1   994.9   992.9   989.1   988.0   991.6   996.7   999.0   998.0   996.4   995.6   993.0   986.8   979.5
   975.9   976.5   976.8   972.9   966.8   963.5   964.7   967.2   967.6   966.5   967.3   970.4   972.3   969.8   964.8   963.5
   986.9   997.1  1006.5  1012.4  1015.8  1018.9  1022.3  1023.6  1020.9  1014.9  1009.0  1005.9  1005.0  1004.4  1002.8  1000.4
   997.5   994.5   992.5   992.8   995.1   996.4   994.2   989.0   983.1   978.3   974.8   973.1   974.3   978.5   983.8   988.2
   991.8   996.2  1000.9  1003.4  1001.1   995.5   990.0   987.5   987.8   989.5   991.8   994.6   997.6   999.9  1001.7  1004.5
  1009.9  1016.7  1021.3  1020.7  1015.8  1010.4  1007.5  1006.8  1006.0  1004.2  1002.8  1004.0  1007.0  1007.8  1002.3   991.3
   981.0   977.7   981.4   986.1   985.9   981.7   979.7   983.4   989.7   992.8   991.4   989.8   991.2   993.6   993.5   991.7
   993.0   998.5  1003.8  1004.3  1001.2  1000.3  1003.9  1008.4  1008.4  1002.3   994.5   991.4   995.8  1003.9  1008.3  1005.2
   999.6   999.9  1007.2  1011.5  1002.5   983.5   970.4   974.6   991.5  1005.5  1007.3  1001.8   998.2   997.4   994.7   989.1
   984.9   984.4   983.9   979.7   973.7   970.9   971.6   971.5   968.6   967.4   972.8   982.7   989.6   988.5   983.2   981.4
   997.6  1004.0  1008.8  1012.7  1016.0  1017.7  1017.4  1015.1  1011.0  1006.8  1005.0  1006.1  1008.0  1008.7  1008.7  1009.7
  1010.1  1007.0  1001.1   997.6  1000.0  1005.7  1009.1  1008.2  1005.4  1002.7   999.7   996.1   993.8   994.0   995.0   994.6
   993.9   995.7  1000.2  1004.0  1004.1  1001.5   999.6   999.9  1001.3  1002.1  1002.6  1003.6  1005.6  1007.6  1008.5  1009.1
  1011.6  1016.8  1022.2  1024.8  1023.1  1019.1  1016.3  1016.9  1020.2  1021.7  1016.6  1005.9   996.5   994.6   998.3  1000.1
   995.8   989.5   987.8   991.6   995.1   994.2   991.8   993.1   998.3  1001.9  1000.5   996.8   995.4   996.0   996.0   996.4
  1000.4  1006.3  1008.2  1004.9  1002.4  1005.0  1009.3  1008.3  1001.9   996.0   995.1   999.1  1005.7  1011.9  1013.7  1008.1
   999.6   998.1  1007.9  1017.0  1006.5   975.6   948.1   948.3   975.0  1003.4  1011.3  1002.7   995.8   997.3   999.6   996.6
   992.1   990.5   989.7   985.8   980.8   979.4   981.4   981.7   979.1   978.7   984.3   992.1   994.9   991.8   988.9   991.2
  1001.3  1002.1  1005.3  1012.9  1019.5  1020.0  1016.4  1013.7  1013.3  1013.1  1012.5  1011.8  1009.3  1004.3  1000.6  1003.5
  1012.0  1018.5  1018.1  1014.2  1012.6  1013.5  1012.8  1009.7  1007.5  1007.8  1007.5  1004.4  1001.4  1001.9  1005.3  1008.0
  1009.0  1010.3  1011.5  1010.4  1006.3  1002.3  1000.8  1001.3  1002.3  1003.6  1006.0  1009.5  1013.9  1018.5  1021.7  1022.2
  1020.5  1018.5  1018.5  1021.4  1026.3  1029.7  1028.0  1022.6  1018.9  1017.7  1012.0   997.2   981.6   978.3   989.6  1002.8
  1004.1   994.1   984.7   984.4   990.9   996.3   998.4  1000.9  1006.1  1010.1  1008.7  1005.4  1005.7  1008.6  1008.9  1007.1
  1008.4  1011.5  1010.3  1005.0  1003.9  1009.1  1011.6  1006.2  1000.5  1004.0  1013.3  1017.0  1012.4  1007.8  1009.0  1010.9
  1006.0   999.1  1002.6  1015.2  1014.5   984.5   944.7   932.5   959.6   999.9  1018.0  1011.0  1002.1  1003.4  1006.2  1002.5
   996.8   995.7   997.2   996.4   993.2   991.6   992.4   992.9   992.3   993.9   998.5  1001.6   999.3   994.9   994.6   998.4
  1012.8  1010.5  1014.6  1024.4  1030.5  1027.5  1022.2  1022.0  1024.1  1022.2  1017.5  1015.8  1017.1  1015.9  1010.8  1007.1
  1009.1  1014.1  1017.0  1016.7  1015.9  1015.2  1012.5  1008.2  1005.9  1007.7  1010.3  1009.9  1007.8  1007.7  1009.9  1011.5
  1012.0  1013.1  1014.3  1012.7  1008.4  1004.5  1002.0   999.3   997.2   998.8  1003.9  1008.4  1009.9  1010.8  1013.8  1018.5
  1022.3  1022.7  1018.9  1014.8  1016.5  1023.8  1027.5  1021.9  1014.1  1012.8  1013.6  1005.4   989.4   979.8   984.1   994.4
   998.3   993.1   986.2   984.4   988.1   992.6   994.9   997.7  1004.0  1010.4  1011.2  1009.0  1010.9  1014.8  1012.5  1005.5
  1003.7  1008.1  1009.4  1006.0  1006.8  1012.9  1014.0  1006.9  1003.2  1010.0  1018.1  1015.1  1004.4   999.7  1008.0  1020.9
  1023.1  1011.9  1005.5  1018.2  1031.1  1008.5   955.5   922.3   939.9   986.2  1014.5  1012.5  1005.5  1008.5  1012.0  1008.1
  1002.4  1001.0  1002.3  1002.7  1001.4   999.8   999.2   999.7  1000.8  1002.8  1006.4  1009.6  1010.2  1010.0  1012.0  1014.3
  1015.2  1016.6  1020.4  1024.8  1024.6  1019.8  1017.0  1019.4  1020.0  1012.7  1002.2   999.2  1006.4  1016.5  1021.1  1018.2
  1012.4  1009.2  1010.2  1012.9  1015.2  1018.2  1021.9  1023.5  1022.3  1021.3  1022.0  1022.6  1021.7  1020.5  1019.1  1016.2
  1012.7  1011.8  1013.7  1015.1  1014.5  1013.7  1013.0  1010.5  1008.2  1010.6  1016.9  1019.9  1015.8  1009.6  1007.1  1009.9
  1017.2  1024.5  1023.7  1013.1  1005.1  1011.8  1026.5  1032.2  1027.0  1023.2  1024.7  1020.8  1006.6   992.1   986.8   989.6
   995.4  1001.2  1004.3  1003.6  1002.8  1004.8  1007.1  1008.7  1012.9  1018.8  1019.4  1015.1  1014.8  1018.4  1016.2  1008.9
  1008.1  1014.9  1017.1  1012.5  1011.4  1015.6  1015.8  1011.5  1011.1  1013.5  1011.0  1006.1  1007.6  1013.7  1017.5  1020.3
  1022.2  1016.2  1008.1  1017.8  1037.5  1022.0   960.4   912.0   924.9   976.6  1008.3  1005.4  1000.6  1007.7  1012.7  1010.1
  1008.1  1007.6  1005.0  1003.1  1004.0  1004.5  1004.8  1007.3  1009.6  1008.2  1006.6  1009.0  1012.6  1013.6  1013.4  1014.2
  1016.0  1020.5  1020.1  1017.5  1016.9  1018.6  1020.6  1021.5  1021.1  1019.4  1015.9  1009.7  1002.4  1000.1  1006.2  1014.2
  1016.1  1014.6  1016.8  1020.3  1019.5  1018.1  1022.1  1027.6  1027.3  1023.4  1022.2  1023.8  1024.6  1024.4  1025.0  1025.2
  1023.2  1020.8  1020.3  1019.8  1017.1  1014.4  1014.2  1015.0  1014.3  1014.4  1016.6  1018.2  1017.9  1017.9  1017.5  1014.1
  1011.7  1015.5  1018.4  1009.1   995.7   998.7  1019.3  1035.4  1033.1  1024.2  1021.9  1021.4  1015.2  1006.5  1001.2   999.4
  1000.8  1006.1  1010.1  1007.9  1006.1  1012.5  1020.6  1021.9  1021.2  1024.8  1026.4  1021.6  1019.1  1023.0  1023.9  1019.5
  1019.4  1023.5  1021.5  1015.3  1015.0  1017.7  1015.5  1014.6  1020.7  1021.2  1009.3  1004.9  1020.2  1032.3  1019.7  1004.3
  1010.8  1022.1  1016.3  1014.6  1031.4  1021.9   957.7   902.8   919.6   980.7  1010.7  1001.4  1000.6  1014.3  1015.5  1008.3
  1011.0  1015.4  1010.7  1007.4  1011.0  1011.6  1008.5  1011.1  1015.8  1013.1  1008.4  1010.5  1015.0  1013.7  1009.5  1010.2
  1025.2  1026.0  1021.0  1017.8  1023.4  1029.3  1021.0  1000.7   986.7   992.9  1014.5  1030.0  1022.3  1003.8   999.5  1010.4
  1017.6  1016.3  1018.5  1024.4  1023.2  1017.0  1016.7  1021.6  1023.1  1021.7  1023.0  1025.9  1025.4  1022.4  1022.3  1025.3
  1026.4  1023.6  1021.3  1020.4  1017.2  1012.0  1011.2  1014.7  1013.6  1005.5   997.9   997.1  1003.6  1014.4  1021.8  1016.7
  1003.6   997.9  1001.8   999.8   988.0   985.6  1003.5  1024.0  1026.7  1018.4  1016.6  1021.0  1021.1  1017.4  1015.0  1012.4
  1008.0  1006.3  1007.2  1005.2  1004.4  1012.2  1021.3  1020.5  1016.4  1020.3  1026.0  1024.0  1021.1  1023.8  1024.6  1020.6
  1019.7  1020.5  1016.5  1014.4  1020.9  1023.9  1016.0  1012.9  1022.5  1026.1  1014.0  1007.8  1020.2  1027.6  1012.5  1002.1
  1021.5  1040.8  1024.8  1007.4  1026.0  1028.9   958.7   886.3   901.2   975.4  1009.2   994.6  1000.3  1024.6  1021.4  1005.3
  1010.6  1019.9  1013.2  1010.1  1018.2  1017.0  1006.3  1006.0  1013.5  1014.2  1012.2  1017.1  1023.0  1022.7  1019.9  1021.0
  1023.2  1021.0  1017.2  1018.0  1026.8  1025.7   995.5   946.6   905.2   893.1   922.1   978.0  1017.7  1019.1  1011.3  1016.3
  1019.3  1011.4  1008.6  1017.0  1023.3  1023.3  1024.4  1027.5  1028.7  1029.2  1030.8  1031.9  1030.2  1026.2  1022.8  1022.7
  1022.8  1019.6  1017.2  1020.2  1022.1  1018.0  1016.6  1021.1  1017.4   998.9   981.8   980.3   989.5   999.3  1005.3  1004.0
   995.9   991.8   997.3   999.9   989.3   980.5   992.8  1017.3  1028.7  1023.9  1020.7  1024.0  1022.6  1015.9  1013.8  1015.4
  1013.5  1011.6  1015.5  1019.2  1018.1  1018.5  1021.6  1020.6  1018.4  1022.9  1028.1  1026.0  1023.6  1025.2  1023.7  1019.4
  1020.6  1023.0  1019.1  1018.1  1025.2  1026.6  1017.6  1013.4  1018.9  1022.7  1020.5  1018.4  1017.7  1016.4  1014.7  1018.7
  1031.8  1036.0  1012.7   996.9  1029.2  1049.6   966.4   859.2   861.0   958.9  1016.8   994.4   987.6  1013.4  1014.7  1002.1
  1013.5  1023.1  1008.4  1002.7  1015.9  1017.0  1005.1  1005.5  1014.2  1015.6  1015.4  1019.5  1022.1  1022.5  1024.0  1024.4
  1016.8  1017.5  1016.0  1017.6  1023.6  1010.3   967.5   917.7   871.8   835.8   843.2   912.7   994.3  1021.0  1010.1  1009.8
  1017.3  1015.2  1011.9  1015.5  1019.7  1023.3  1027.0  1027.0  1025.3  1026.2  1025.6  1022.6  1024.0  1027.9  1026.7  1024.4
  1025.5  1023.9  1019.8  1021.4  1024.2  1019.1  1015.5  1020.4  1014.2   985.0   957.7   956.7   971.0   977.8   977.2   981.0
   990.2   999.9  1007.6  1007.2   993.5   979.6   987.1  1013.5  1031.1  1026.8  1018.7  1019.4  1019.1  1012.5  1010.8  1015.6
  1015.8  1012.2  1015.5  1021.6  1020.3  1016.5  1018.8  1023.2  1025.4  1027.4  1027.2  1023.5  1023.5  1027.0  1025.1  1021.1
  1024.5  1028.2  1023.8  1019.6  1020.1  1018.3  1017.6  1022.2  1020.6  1014.7  1022.0  1031.2  1021.2  1013.5  1026.1  1029.8
  1014.7  1011.0  1012.7  1006.7  1029.5  1055.9   970.3   825.6   801.6   927.8  1040.1  1014.8   968.4   974.8   986.5   992.6
  1017.5  1029.0  1007.6   998.0  1011.7  1014.5  1008.1  1014.3  1021.4  1018.8  1019.2  1022.2  1019.1  1017.7  1020.4  1019.1
  1021.7  1024.6  1019.7  1020.6  1024.7   991.9   932.5   902.0   893.0   866.4   857.4   916.1   999.1  1022.7  1001.9   995.9
  1006.6  1015.7  1022.4  1022.2  1014.1  1013.0  1019.1  1017.8  1014.7  1020.0  1022.3  1016.5  1017.6  1025.2  1024.0  1019.5
  1023.6  1026.2  1020.0  1017.5  1019.3  1013.6  1009.0  1015.6  1011.3   976.6   939.5   934.0   950.5   957.4   951.2   955.3
   977.2   999.8  1007.0  1000.0   987.6   980.1   987.9  1009.0  1023.8  1020.3  1012.7  1015.2  1019.9  1017.0  1014.2  1016.5
  1015.4  1009.3  1008.0  1011.0  1010.4  1009.8  1015.1  1020.2  1020.6  1020.5  1020.4  1018.8  1020.4  1024.2  1022.3  1018.3
  1019.9  1020.8  1017.1  1017.2  1018.4  1013.2  1015.8  1029.3  1026.2  1010.1  1017.6  1032.9  1018.4  1009.0  1032.0  1029.9
   996.7  1010.5  1048.9  1023.4   998.4  1037.8   990.2   809.7   730.1   853.6  1030.5  1034.3   957.9   942.0   956.8   971.7
  1003.5  1024.2  1011.7  1004.9  1014.2  1012.6  1009.2  1019.1  1022.4  1016.3  1020.4  1026.4  1022.7  1021.6  1023.8  1021.1
  1021.9  1022.8  1012.9  1019.5  1027.0   969.4   883.1   863.1   895.2   899.3   891.4   935.6  1002.4  1023.7  1011.0   997.1
   982.6   983.5  1009.4  1025.2  1014.4  1010.4  1021.7  1021.9  1015.0  1021.4  1028.1  1021.8  1018.7  1022.9  1018.8  1012.1
  1016.5  1020.5  1014.6  1013.0  1018.1  1015.5  1010.2  1014.7  1013.5   987.7   956.2   947.1   955.3   954.0   939.9   938.8
   963.5   991.0   994.5   981.7   978.0   989.7  1005.0  1015.0  1018.2  1016.2  1013.6  1014.9  1017.2  1015.0  1011.5  1011.6
  1013.2  1013.6  1014.4  1014.6  1013.5  1015.1  1018.7  1017.7  1014.0  1016.0  1020.9  1021.0  1019.3  1019.6  1018.4  1016.5
  1017.1  1015.5  1012.1  1017.9  1025.8  1019.2  1012.4  1022.7  1026.9  1014.4  1017.5  1030.2  1015.8  1005.6  1030.1  1029.1
   996.7  1021.3  1063.1  1004.9   959.6  1049.4  1064.0   835.4   679.8   770.8   982.6  1035.0   965.7   945.5   950.8   945.3
   964.6   997.5  1007.3  1010.8  1017.6  1012.8  1010.5  1019.5  1019.1  1013.1  1019.0  1023.5  1019.7  1021.6  1023.4  1019.1
  1016.3  1016.3  1006.1  1016.1  1019.0   947.6   860.6   854.4   897.6   902.4   891.0   923.6   975.5  1007.3  1023.0  1006.3
   957.0   942.2   987.8  1027.1  1018.4  1009.4  1021.9  1024.0  1012.9  1013.5  1019.4  1015.7  1013.4  1018.2  1018.2  1014.9
  1017.4  1018.4  1013.5  1013.9  1018.9  1017.1  1011.4  1009.5  1005.9   995.8   986.1   981.8   977.6   966.1   950.4   948.1
   969.0   991.9   989.4   973.0   975.6  1000.7  1020.5  1019.7  1012.8  1012.5  1013.3  1010.0  1007.6  1008.4  1008.9  1008.4
  1009.8  1013.6  1016.3  1015.3  1013.8  1015.5  1017.3  1015.6  1014.7  1018.3  1021.5  1019.5  1016.4  1016.3  1017.0  1017.0
  1018.8  1020.1  1016.1  1014.7  1022.2  1023.1  1012.6  1013.0  1023.5  1021.0  1017.0  1025.8  1022.5  1011.1  1022.1  1027.2
  1006.4  1013.9  1032.0   988.3   977.8  1089.6  1094.3   837.9   666.5   749.1   958.9  1022.4   972.5   964.8   957.3   921.2
   923.1   965.7   996.5  1009.2  1016.1  1014.2  1014.5  1020.5  1018.7  1016.5  1021.3  1018.7  1013.0  1017.8  1018.9  1012.8
  1018.0  1020.0  1014.1  1017.0   995.9   920.3   864.1   884.9   919.5   903.1   889.4   918.9   953.2   981.2  1015.8  1011.4
   959.1   942.4   989.0  1026.7  1015.6  1002.3  1009.6  1013.3  1007.6  1007.3  1010.5  1009.3  1009.1  1013.3  1015.7  1015.4
  1016.0  1015.3  1013.5  1013.7  1012.5  1008.9  1009.1  1009.7  1004.2  1001.1  1004.4  1001.3   988.5   978.0   973.9   975.4
   985.2   995.2   990.3   978.8   983.3  1003.5  1015.5  1010.2  1004.6  1008.2  1010.4  1006.1  1005.3  1010.7  1013.8  1011.2
  1008.0  1007.0  1006.8  1006.7  1008.1  1010.2  1010.7  1012.2  1015.7  1015.7  1011.8  1011.0  1013.5  1015.2  1015.9  1013.8
  1012.3  1018.0  1020.0  1009.6  1008.2  1020.8  1020.3  1012.4  1020.4  1022.8  1009.4  1013.9  1027.9  1016.8  1008.6  1023.2
  1021.4  1005.1  1010.0  1021.2  1032.6  1037.5   937.2   754.6   688.0   810.2   979.0   996.5   956.1   964.9   955.2   909.9
   905.2   949.5   991.4  1011.2  1015.8  1013.0  1014.8  1018.4  1015.9  1017.1  1022.3  1017.9  1014.0  1020.4  1020.1  1013.8
  1017.3  1017.0  1017.3  1019.9   981.1   898.6   855.8   881.7   903.1   885.0   886.4   917.5   933.8   950.7   994.0  1014.5
   989.5   977.5   997.9  1012.4  1010.3  1009.2  1010.0  1009.3  1011.0  1013.5  1014.0  1013.6  1012.7  1010.6  1008.6  1008.2
  1008.8  1009.4  1010.9  1012.2  1008.6  1004.6  1009.4  1016.0  1013.8  1012.3  1015.5  1008.7   993.3   987.8   991.5   992.2
   992.3   996.4   998.9   998.6  1002.4  1009.2  1009.4  1004.5  1005.3  1010.5  1010.0  1006.6  1008.7  1011.5  1009.8  1008.4
  1009.4  1009.4  1009.0  1011.0  1014.3  1015.2  1012.3  1011.8  1014.8  1012.3  1007.5  1011.9  1017.2  1014.1  1014.3  1015.6
  1008.3  1009.5  1021.2  1016.0  1006.0  1018.3  1024.5  1011.4  1015.0  1024.8  1010.0  1007.0  1027.0  1018.7  1000.0  1019.9
  1030.8  1002.2  1008.1  1053.1  1025.0   893.2   759.7   711.8   783.0   928.7  1004.0   969.1   944.8   962.0   955.8   924.6
   918.5   945.5   985.7  1016.5  1019.6  1009.9  1012.2  1017.1  1013.0  1012.8  1017.5  1015.9  1015.1  1019.0  1016.9  1013.9
  1014.8  1005.9  1007.7  1025.0   999.5   916.4   857.6   861.0   876.2   872.4   877.9   892.3   898.2   923.8   979.7  1015.4
  1011.5  1003.0   999.7   999.0  1010.9  1021.8  1014.3  1006.1  1009.0  1009.3  1006.8  1009.1  1010.4  1007.7  1007.1  1009.2
  1011.1  1011.2  1010.4  1012.0  1013.9  1011.7  1009.1  1008.1  1005.4  1005.9  1011.2  1010.9  1003.7  1000.0   998.9   996.5
  1001.0  1013.4  1020.3  1015.6  1010.3  1010.9  1011.2  1008.7  1009.3  1010.8  1006.8  1004.4  1008.1  1007.3  1002.3  1004.9
  1011.4  1013.1  1013.2  1014.1  1014.2  1015.0  1013.9  1011.3  1012.8  1013.8  1012.4  1016.9  1018.2  1008.5  1009.9  1022.6
  1016.3  1005.6  1017.1  1023.0  1011.3  1013.6  1019.6  1007.6  1008.9  1025.5  1018.9  1009.5  1021.6  1018.8  1005.0  1018.4
  1023.0   999.2  1010.4  1034.0   954.2   813.3   757.0   826.5   955.1  1022.7   995.1   959.4   964.6   973.8   963.8   954.6
   945.8   940.9   967.9  1010.1  1018.9  1008.1  1013.0  1019.6  1014.5  1012.9  1015.2  1013.3  1013.1  1013.4  1010.4  1012.7
  1020.6  1008.6  1004.8  1026.9  1022.8   956.6   892.0   883.4   901.6   901.2   886.3   874.4   880.2   924.0   987.6  1016.4
  1010.6  1009.4  1011.4  1008.1  1011.0  1011.4  1001.6   999.9  1005.8  1003.2  1001.0  1006.3  1007.5  1006.1  1009.5  1011.9
  1011.6  1011.2  1007.9  1006.8  1012.1  1012.9  1005.0   998.4   995.8   995.4   998.7  1004.2  1008.3  1009.5  1006.6  1005.2
  1013.4  1023.1  1015.2   992.1   979.7   990.7  1006.3  1007.9  1004.3  1004.9  1003.9  1003.7  1008.1  1009.2  1007.7  1011.2
  1011.9  1007.3  1007.8  1009.0  1005.1  1007.3  1012.7  1010.1  1009.8  1014.6  1012.2  1010.3  1013.5  1008.5  1005.9  1018.1
  1019.7  1006.9  1009.4  1017.7  1010.6  1008.9  1017.4  1013.8  1009.5  1016.7  1016.2  1009.8  1012.8  1014.7  1014.3  1016.9
  1008.8  1006.6  1026.8  1001.3   902.1   842.6   895.7  1001.5  1046.8  1011.2   967.8   968.5   988.0   978.9   964.0   972.1
   965.7   940.6   951.7   992.7  1009.3  1008.1  1015.3  1016.3  1011.0  1014.7  1016.3  1011.9  1014.1  1015.4  1010.9  1015.5
  1019.6  1015.6  1009.8  1017.1  1010.9   967.9   926.3   925.4   940.0   928.0   898.3   877.9   882.3   926.9   992.1  1019.1
  1007.4  1008.6  1022.0  1018.8  1006.6  1000.0  1000.3  1008.4  1013.7  1009.6  1010.6  1015.4  1010.0  1005.1  1008.3  1006.0
  1001.7  1006.4  1009.0  1004.0  1001.7  1000.5   997.5  1001.0  1009.0  1008.7  1000.8   996.0   999.5  1007.6  1012.2  1009.5
  1001.2   986.6   965.3   947.1   949.7   976.6  1002.6  1005.6  1000.7  1004.9  1009.0  1007.6  1008.1  1009.1  1009.9  1013.0
  1010.3  1004.7  1009.9  1015.3  1009.9  1010.1  1016.4  1011.7  1008.2  1015.0  1011.8  1004.1  1013.3  1020.2  1009.5  1006.0
  1014.1  1013.5  1009.9  1012.8  1012.0  1010.2  1016.2  1019.9  1013.8  1008.0  1009.8  1013.9  1011.5  1009.0  1016.6  1014.9
   999.7  1015.3  1040.0   979.4   889.1   906.2  1005.4  1034.8   988.1   969.9   983.8   992.0   990.8   979.3   970.9   980.9
   980.5   960.3   961.0   985.6  1001.8  1011.0  1016.9  1009.1  1005.3  1014.8  1014.5  1007.9  1014.2  1018.4  1010.4  1011.2
  1009.8  1010.8  1012.4  1007.8   987.6   961.0   948.7   955.1   954.5   930.4   900.4   875.0   859.7   888.8   966.3  1019.4
  1012.3  1002.3  1010.3  1008.9  1004.6  1011.5  1016.4  1013.7  1009.7  1006.6  1009.5  1013.0  1007.5  1004.7  1010.1  1008.0
  1003.1  1010.5  1016.8  1008.1   998.0   994.9   995.0  1000.0  1008.3  1009.5  1000.0   989.4   989.4  1000.1  1007.8   999.3
   976.0   951.7   941.5   950.4   971.9   995.6  1009.2  1007.6  1004.4  1009.0  1011.2  1007.3  1006.0  1005.6  1003.6  1006.4
  1010.0  1009.6  1013.4  1018.0  1013.9  1011.7  1015.7  1012.3  1008.1  1015.6  1017.6  1008.9  1012.0  1021.2  1013.8  1004.9
  1012.6  1018.8  1013.1  1012.3  1017.4  1014.0  1007.9  1011.2  1014.8  1010.4  1011.9  1020.9  1015.8  1005.2  1013.5  1016.4
   999.6  1009.9  1026.3   964.3   896.2   940.8  1023.3   997.8   952.9   995.7  1038.5  1008.6   983.2   993.0   997.5   995.6
   997.1   992.7   990.5   997.5  1005.9  1014.3  1016.4  1008.9  1009.5  1017.1  1012.0  1005.9  1012.6  1014.9  1007.9  1006.8
  1010.0  1006.9  1017.5  1010.5   980.7   962.7   967.2   975.0   967.6   942.2   907.9   867.4   836.3   860.9   949.3  1019.7
  1018.5  1003.9  1006.9  1005.3  1007.2  1017.8  1013.0   999.9  1001.2  1006.0  1004.7  1005.8  1007.5  1008.4  1012.4  1013.3
  1010.3  1011.8  1009.9   998.1   992.8  1002.2  1008.8   999.8   985.5   980.1   982.8   986.7   993.0  1002.0  1003.9   993.8
   980.6   974.4   981.5   999.7  1014.2  1014.5  1008.4  1005.6  1006.8  1008.0  1005.8  1003.8  1007.5  1010.7  1007.0  1006.1
  1011.8  1012.1  1006.8  1006.8  1008.8  1007.9  1010.1  1013.2  1010.6  1011.0  1017.2  1015.6  1007.2  1007.3  1013.1  1014.1
  1013.6  1013.5  1009.8  1009.2  1015.5  1015.1  1006.1  1006.2  1015.2  1014.8  1009.2  1012.7  1012.7  1005.4  1011.3  1019.3
  1007.8  1006.7  1016.5   974.0   913.9   935.5  1004.2  1008.9   989.9  1019.8  1032.1   991.0   976.0  1000.9  1010.2  1004.1
  1007.8  1010.9  1009.6  1011.8  1013.8  1012.7  1011.0  1011.3  1015.5  1015.4  1009.5  1010.7  1014.1  1010.0  1011.6  1017.0
  1011.7  1009.3  1022.9  1007.0   967.8   953.5   962.7   970.0   968.0   949.3   915.1   883.2   869.5   894.2   957.1  1005.5
  1009.4  1011.4  1024.0  1019.1  1008.5  1008.0  1003.0  1001.3  1015.8  1021.6  1010.8  1008.9  1014.2  1010.0  1004.6  1005.9
  1007.0  1004.5   995.7   982.1   981.2  1001.4  1019.5  1008.3   979.2   965.8   977.3   994.4  1003.7  1008.1  1006.9  1001.9
  1004.2  1013.5  1019.1  1019.9  1016.9  1008.1  1001.5  1004.4  1008.2  1006.9  1005.5  1005.8  1007.9  1011.8  1011.4  1007.7
  1009.8  1011.9  1006.8  1007.4  1015.1  1013.3  1009.1  1015.6  1016.3  1006.4  1009.0  1018.6  1012.4  1005.4  1014.2  1018.7
  1010.0  1007.8  1013.1  1011.2  1008.1  1012.9  1015.9  1013.2  1013.6  1012.9  1005.2  1004.5  1013.2  1013.5  1009.4  1012.9
  1010.4  1008.1  1022.6  1006.4   935.2   900.4   952.8  1009.9   995.9   962.9   958.8   969.9   982.6   993.0   998.3  1005.6
  1012.4  1010.3  1008.9  1014.0  1014.8  1009.3  1007.4  1011.8  1014.1  1008.4  1007.2  1016.9  1016.8  1006.7  1013.2  1022.9
  1001.8  1007.4  1015.7   984.1   941.1   933.4   944.7   951.6   953.7   940.6   923.5   926.8   927.4   909.8   914.2   949.3
   977.2   995.4  1015.6  1018.2  1007.0  1007.8  1015.3  1017.4  1017.8  1013.2  1006.1  1008.7  1012.7  1006.6  1001.9  1005.9
  1009.3  1007.2  1000.5   990.8   987.0   996.9  1010.9  1008.7   988.9   977.9   990.5  1004.7  1003.0  1000.8  1006.4  1009.0
  1009.6  1012.7  1009.6  1002.3  1001.5  1004.2  1006.2  1009.8  1009.5  1006.2  1009.2  1011.2  1004.4  1002.6  1008.0  1006.7
  1005.3  1011.5  1013.5  1012.9  1018.1  1016.0  1007.1  1011.5  1018.6  1010.7  1006.6  1016.2  1018.7  1013.4  1014.5  1013.7
  1007.2  1010.9  1021.0  1016.4  1005.3  1009.4  1018.2  1012.1  1005.5  1011.8  1014.5  1011.4  1017.1  1017.4  1004.8  1004.2
  1009.1  1002.6  1013.7  1024.5   962.2   884.6   902.6   972.5   964.3   913.5   928.1   985.1  1003.3   991.7   998.3  1015.1
  1015.6  1007.8  1008.2  1011.5  1010.7  1010.6  1012.3  1013.5  1012.8  1009.3  1010.8  1017.5  1012.3  1000.7  1004.9  1009.8
   991.1   999.0   998.0   963.7   932.7   934.2   945.1   951.2   952.6   942.3   947.2   972.0   937.4   846.7   822.7   891.1
   953.3   967.0   986.0  1009.1  1009.7  1011.9  1021.5  1012.1   995.4   997.5  1008.1  1008.3  1003.5  1005.1  1011.2  1014.3
  1012.7  1007.8  1002.1  1001.7  1006.6  1008.6  1008.1  1008.3  1001.8   994.4  1001.2  1007.2   995.5   989.4  1003.0  1011.0
  1004.3  1001.2  1002.0  1001.5  1006.2  1011.6  1010.6  1009.7  1008.0  1003.3  1006.6  1012.8  1007.2  1003.3  1011.0  1012.0
  1006.2  1010.2  1013.2  1006.3  1005.9  1011.7  1009.3  1006.9  1013.5  1016.9  1012.3  1009.9  1012.2  1013.1  1010.8  1009.8
  1012.5  1014.0  1012.5  1011.4  1010.8  1010.7  1010.9  1006.3  1004.3  1014.2  1018.5  1008.2  1005.0  1008.2  1004.5  1011.9
  1022.4  1003.5   992.9  1016.6   996.7   923.7   907.9   955.9   964.9   939.9   963.3  1008.4  1010.3  1000.9  1015.0  1021.8
  1010.4  1009.1  1016.2  1012.7  1008.7  1014.3  1016.4  1011.8  1012.2  1016.0  1015.4  1007.6   991.9   981.4   987.2   992.7
   983.9   984.7   978.9   961.1   953.2   959.6   961.3   958.0   948.4   935.1   955.6   987.3   924.2   811.2   801.9   897.5
   959.7   958.6   985.7  1024.5  1018.0  1004.5  1009.7  1005.1  1002.4  1020.8  1024.1   997.9   986.9  1003.9  1012.8  1004.5
  1002.2  1003.8   996.4   995.1  1007.8  1012.7  1007.6  1011.8  1017.2  1009.5  1003.5  1003.6   996.1   992.9  1005.0  1010.8
  1004.5  1006.6  1013.8  1013.2  1012.1  1011.1  1004.8  1004.5  1010.4  1007.8  1004.1  1009.9  1012.7  1010.2  1013.5  1014.9
  1009.4  1010.0  1013.9  1009.0  1006.2  1015.5  1020.3  1012.0  1008.2  1015.9  1018.0  1010.0  1009.1  1014.5  1012.1  1011.8
  1019.8  1014.7  1001.0  1007.2  1019.6  1012.7  1006.3  1013.6  1016.0  1011.2  1007.1  1001.4  1003.3  1013.5  1015.6  1017.9
  1023.5  1005.0   983.9  1002.6  1018.0   982.3   955.1   974.4   992.7   992.8  1003.2  1011.9  1006.2  1011.6  1023.2  1014.2
  1003.2  1012.7  1020.8  1013.7  1010.8  1016.2  1014.2  1008.3  1010.5  1016.1  1013.1   995.5   969.2   956.6   968.0   981.7
   979.3   973.2   966.5   962.6   970.8   982.3   980.1   963.8   934.4   912.1   937.3   977.7   940.3   869.2   879.8   944.4
   957.5   951.5   996.0  1033.7  1016.7  1003.8  1013.5  1015.6  1021.7  1029.6   998.8   957.4   968.1  1009.2  1015.5   998.4
  1004.9  1021.8  1016.2  1002.3   998.8   992.0   982.9   994.3  1015.6  1015.5  1001.5   997.2  1000.1  1003.5  1007.4  1005.5
  1002.2  1008.5  1013.3  1007.0  1005.0  1009.3  1006.6  1005.6  1014.5  1016.4  1008.2  1008.0  1012.9  1010.0  1007.0  1010.8
  1012.1  1011.0  1015.7  1020.2  1016.4  1014.1  1018.6  1017.7  1011.0  1013.2  1018.9  1015.7  1015.1  1020.7  1016.4  1010.6
  1016.9  1016.6  1008.2  1014.9  1020.6  1006.5  1005.5  1022.6  1017.9  1001.1  1007.7  1022.4  1025.8  1025.6  1014.1   991.1
   981.6   984.5   986.0   998.6  1017.0  1012.8   998.0  1000.2  1011.4  1016.4  1017.0  1015.0  1015.4  1020.5  1017.9  1009.3
  1011.8  1019.4  1016.2  1011.8  1015.5  1016.8  1013.4  1013.3  1013.8  1012.1  1010.7   999.3   973.8   958.9   968.4   980.7
   980.0   977.8   969.5   959.0   963.9   980.7   986.4   968.9   935.9   917.8   940.1   970.1   959.3   940.4   953.1   953.3
   923.3   928.6   977.1  1000.9  1000.1  1017.9  1027.3  1010.2  1005.6  1003.3   967.4   942.2   972.4  1015.4  1020.3  1011.1
  1016.5  1021.8  1013.3  1001.2   992.5   982.6   975.3   984.4  1005.3  1012.7  1001.9   995.4  1001.5  1007.5  1005.8  1001.2
  1000.3  1004.3  1005.2  1001.0  1003.6  1014.0  1015.8  1008.8  1009.2  1014.1  1012.1  1010.1  1013.9  1013.3  1008.9  1013.1
  1018.8  1013.0  1009.5  1017.7  1017.7  1006.2  1007.5  1019.0  1018.5  1013.1  1016.2  1017.2  1014.8  1017.9  1017.0  1009.6
  1010.4  1016.0  1017.3  1017.4  1012.1  1004.3  1011.9  1019.3  1003.7  1000.1  1027.2  1030.1   994.5   976.5   978.5   963.9
   952.3   972.7  1000.0  1009.4  1012.4  1015.5  1013.3  1011.1  1013.5  1015.7  1015.6  1018.2  1022.5  1018.9  1010.7  1014.4
  1025.1  1021.2  1010.4  1013.8  1020.5  1015.7  1014.0  1020.0  1017.7  1011.0  1012.7  1009.9   993.8   983.0   984.4   983.9
   973.1   977.5   967.7   951.2   950.8   961.6   962.1   948.1   935.9   943.5   964.5   968.9   957.5   962.4   966.8   931.5
   898.8   923.2   966.1   977.2   992.8  1025.4  1021.6   995.5  1002.9  1015.8   992.8   970.2   972.9   978.9   988.9  1009.3
  1010.1   983.0   959.6   952.1   957.7   980.0  1005.8  1015.5  1016.2  1016.3  1009.3  1002.3  1005.7  1008.6  1004.5  1003.5
  1005.4  1004.8  1006.6  1010.3  1009.5  1009.8  1013.7  1011.4  1006.1  1009.6  1014.5  1012.8  1014.4  1019.3  1016.8  1015.3
  1020.9  1018.0  1008.6  1013.0  1021.1  1015.5  1012.4  1019.9  1017.9  1010.2  1015.2  1020.1  1013.6  1012.8  1020.3  1019.8
  1014.6  1015.0  1015.0  1010.3  1008.9  1016.4  1022.1  1010.5  1000.3  1021.1  1031.8   968.0   888.9   890.7   953.6   987.2
   984.8   999.3  1022.1  1021.4  1011.1  1008.8  1007.0  1005.1  1010.1  1015.6  1014.7  1014.4  1017.0  1015.4  1013.8  1020.3
  1023.7  1015.6  1012.7  1021.5  1022.8  1014.5  1014.1  1018.2  1015.3  1013.3  1013.1  1002.2   988.4   985.8   983.5   974.4
   964.7   951.7   931.6   927.6   942.3   947.2   934.0   923.9   931.2   952.5   970.2   970.4   971.1   985.8   974.3   922.1
   900.9   947.7   998.2  1003.0  1004.2  1015.5  1009.0  1008.8  1033.7  1033.6   992.2   958.8   945.6   942.7   968.2  1011.4
  1021.1   993.7   957.0   914.4   892.6   930.3   996.6  1023.7  1017.2  1014.2  1010.2  1004.9  1010.5  1013.0  1005.2  1005.3
  1008.7  1001.9  1002.1  1013.7  1010.8   999.6  1006.6  1017.8  1014.2  1013.2  1019.2  1015.1  1010.5  1017.8  1018.4  1009.4
  1013.2  1022.6  1018.1  1014.0  1021.5  1024.5  1019.8  1016.7  1011.4  1007.9  1017.6  1026.2  1019.5  1015.3  1023.3  1025.6
  1019.3  1017.2  1016.2  1012.0  1015.1  1023.8  1017.6  1004.0  1016.8  1039.7   992.8   878.6   817.9   875.8   987.6  1037.0
  1025.9  1022.8  1028.2  1019.7  1010.8  1010.3  1007.4  1005.4  1013.6  1022.5  1021.3  1017.6  1019.1  1022.8  1025.0  1023.1
  1017.1  1015.3  1022.2  1025.7  1019.7  1017.3  1020.5  1017.4  1014.2  1019.1  1012.4   986.7   971.1   976.4   978.9   971.4
   984.9   942.3   900.6   903.4   932.1   941.3   937.6   948.1   962.0   964.5   966.5   977.6   994.2   997.9   961.9   909.5
   910.9   978.8  1033.5  1022.9   997.2   993.1  1000.8  1016.5  1023.6   991.7   947.9   943.3   971.6   996.6  1007.9  1008.2
  1008.3  1016.0   987.7   896.4   828.5   857.7   937.0   975.9   982.2   994.9   998.6   996.3  1011.5  1020.8  1007.9  1004.3
  1011.0  1000.2   990.7  1003.3  1009.4  1000.7  1006.6  1019.4  1014.7  1011.7  1022.0  1020.6  1011.4  1018.3  1024.8  1014.1
  1010.8  1022.2  1022.1  1011.0  1010.1  1014.6  1013.7  1013.5  1015.3  1015.4  1018.0  1021.9  1020.8  1019.4  1020.6  1017.8
  1014.9  1019.5  1023.2  1019.8  1018.6  1017.2  1006.9  1007.0  1029.0  1016.6   922.5   826.9   834.7   944.5  1042.7  1046.6
  1018.4  1016.8  1021.7  1015.9  1015.7  1022.3  1022.0  1018.2  1019.1  1020.7  1020.5  1021.6  1023.4  1024.1  1024.2  1021.4
  1018.3  1022.5  1027.8  1021.6  1014.7  1021.9  1028.6  1020.9  1017.1  1023.2  1013.9   988.4   976.8   983.1   990.7   995.6
  1005.9   974.0   930.6   924.8   938.5   942.3   957.0   990.6  1002.2   983.6   976.8   988.4   983.0   948.5   909.4   900.8
   943.4  1005.4  1014.0   968.3   942.4   957.4   970.1   962.2   960.2   976.1   996.6  1010.6  1013.4   990.9   928.5   855.0
   833.1   868.2   869.3   797.1   759.8   825.1   920.8   953.0   959.5   983.6   991.5   988.4  1011.0  1028.4  1010.8  1002.0
  1016.4  1011.9   992.7   995.3  1006.2  1004.2  1006.4  1013.7  1008.4  1006.5  1021.2  1026.6  1017.2  1020.2  1030.9  1025.8
  1016.5  1018.5  1018.8  1012.3  1011.2  1013.1  1011.3  1014.0  1021.9  1021.8  1014.5  1012.8  1018.6  1023.6  1022.4  1018.1
  1018.4  1023.2  1023.0  1017.5  1015.7  1015.3  1013.2  1018.6  1016.6   960.2   865.9   827.3   894.6  1006.6  1048.5  1020.1
  1006.0  1020.9  1027.5  1021.6  1022.1  1025.0  1022.8  1020.9  1018.5  1012.6  1011.9  1018.5  1020.1  1015.6  1016.1  1021.0
  1023.2  1024.4  1024.4  1019.0  1016.6  1023.4  1026.1  1019.3  1018.0  1022.8  1017.7  1004.1   991.0   975.9   970.8   991.4
   970.6   986.3   980.4   977.9   971.6   962.4   975.8  1001.3  1000.5   987.8  1000.2  1010.6   972.4   916.1   903.0   944.7
   999.2  1002.0   935.2   869.2   872.1   916.1   913.1   870.1   888.4   994.7  1070.0   996.8   850.8   736.0   656.3   603.9
   604.2   648.4   665.7   645.0   680.3   813.3   942.6   969.2   967.8   994.0  1001.2   991.4  1011.1  1031.8  1012.6   996.3
  1011.8  1018.0  1000.3   992.8   996.9   994.9   998.0  1011.2  1015.5  1013.4  1021.5  1028.4  1021.6  1017.0  1022.2  1023.3
  1018.1  1015.7  1015.9  1017.0  1020.6  1019.6  1011.7  1008.4  1013.2  1015.4  1012.9  1015.1  1020.9  1022.8  1022.4  1025.8
  1029.6  1025.9  1016.9  1013.0  1017.5  1021.7  1021.7  1015.3   981.6   909.6   848.3   860.1   941.2  1011.4  1018.0  1009.0
  1024.9  1038.3  1029.1  1021.8  1025.1  1020.0  1010.4  1013.9  1021.1  1017.5  1014.3  1019.7  1021.5  1017.3  1020.0  1027.0
  1025.4  1019.4  1019.8  1024.0  1024.9  1022.1  1018.1  1016.5  1019.5  1022.3  1022.3  1018.7   996.6   950.0   916.1   930.9
   925.0   953.4   975.9   990.0   991.0   990.2  1000.7  1006.1   994.7   997.0  1025.4  1032.5   991.5   955.8   969.0  1003.1
  1000.3   940.1   857.6   814.7   843.7   895.3   876.3   811.8   817.3   906.2   928.9   787.2   617.7   525.5   491.5   484.1
   506.9   549.0   564.4   563.6   626.1   776.8   913.7   951.0   966.8  1009.7  1025.1  1007.8  1013.0  1029.7  1015.5   993.6
   995.7  1000.0   991.0   986.6   987.7   983.2   987.2  1008.6  1024.1  1021.2  1019.5  1026.5  1028.0  1021.4  1017.0  1017.5
  1018.0  1016.0  1012.2  1010.0  1011.0  1010.7  1007.1  1004.8  1005.7  1008.2  1013.8  1020.7  1019.9  1012.3  1012.1  1022.2
  1026.9  1019.7  1016.0  1023.9  1028.2  1017.2  1000.9   980.6   934.9   869.5   837.7   875.6   950.2   993.3   999.5  1014.8
  1035.9  1025.8  1001.0  1004.6  1025.8  1025.5  1011.0  1012.4  1022.5  1020.5  1014.3  1016.8  1020.0  1019.0  1021.9  1027.0
  1024.2  1018.5  1021.4  1028.1  1026.6  1019.1  1016.3  1019.9  1021.4  1017.9  1018.8  1024.5  1010.0   961.9   913.5   902.7
   939.3   949.4   965.0   977.6   985.8   997.4  1010.3  1010.8  1003.4  1008.2  1015.3   996.2   966.9   967.5   984.3   966.0
   913.4   871.5   855.2   857.4   881.9   913.0   899.3   836.3   785.0   761.7   715.3   634.2   575.4   562.0   559.6   547.0
   548.4   569.5   578.1   581.5   636.5   754.4   857.8   898.1   937.9  1005.8  1041.7  1025.8  1012.2  1017.4  1014.0   999.9
   990.5   982.0   974.1   978.0   986.5   985.7   986.8  1003.7  1020.3  1020.0  1016.0  1022.8  1030.5  1027.9  1020.7  1017.5
  1016.8  1014.1  1009.0  1004.3  1001.8  1002.9  1007.5  1011.4  1009.7  1006.6  1010.5  1017.4  1015.9  1009.6  1012.5  1020.7
  1018.4  1012.4  1023.5  1041.1  1027.7   981.9   943.2   920.9   882.1   824.1   799.6   843.7   924.2   977.7   995.6  1010.9
  1018.1   996.0   971.7   982.6  1013.9  1025.5  1017.0  1013.0  1014.0  1008.6  1004.0  1007.9  1011.9  1010.7  1012.5  1019.6
  1024.4  1025.1  1025.9  1025.0  1019.4  1015.2  1018.1  1022.0  1017.1  1007.6  1008.5  1021.7  1026.3  1004.6   968.8   943.9
   974.7   992.1  1005.0  1005.3   999.8   996.5   992.3   985.1   984.8   989.1   971.6   928.2   900.7   909.8   911.3   869.1
   833.4   863.4   934.6   968.3   954.1   950.7   964.3   936.0   840.5   726.7   652.1   646.2   706.9   779.9   782.5   720.2
   672.3   665.5   670.0   679.1   724.5   803.4   857.6   869.2   895.5   961.5  1016.9  1021.0  1002.3   995.0   999.3  1004.8
  1003.2   989.5   975.1   976.9   990.6   998.3   999.8  1007.8  1019.9  1024.7  1023.2  1022.9  1022.7  1019.7  1015.9  1012.7
  1008.0  1004.0  1004.9  1008.3  1007.8  1004.0  1002.9  1004.1  1002.4  1000.5  1005.2  1012.8  1015.0  1015.8  1022.5  1026.3
  1018.0  1014.0  1030.5  1039.2   996.0   919.1   867.4   851.9   829.9   785.1   764.8   810.5   900.5   969.7   992.3   998.7
  1003.6   994.1   975.6   971.8   986.3  1001.9  1009.2  1011.0  1008.6  1004.6  1005.5  1010.9  1012.4  1009.6  1011.5  1019.9
  1026.6  1027.4  1024.5  1019.8  1014.6  1012.9  1015.1  1014.6  1008.0  1002.5  1006.8  1017.7  1019.9  1004.5   981.2   968.5
   968.4  1005.8  1025.7  1023.8  1014.0  1001.1   979.3   957.5   955.9   970.0   966.5   936.1   912.1   908.0   889.7   847.3
   838.5   909.2  1013.4  1043.9   996.2   972.6  1009.7  1029.2   948.8   815.1   730.7   739.3   818.5   893.1   896.5   852.9
   823.9   818.7   812.2   809.1   837.0   882.8   894.1   865.9   856.0   897.1   958.9   991.9   988.4   977.0   979.8   996.6
  1010.6  1006.3   990.4   983.4   991.8  1003.3  1009.0  1013.1  1021.0  1029.2  1031.8  1026.7  1017.5  1011.3  1010.6  1009.3
  1001.9   994.5   996.4  1004.1  1005.7   998.0   989.5   987.0   989.5   996.2  1005.9  1012.1  1010.9  1009.5  1014.9  1019.2
  1015.9  1016.7  1028.5  1021.3   962.2   877.6   823.3   810.0   801.7   778.5   773.5   822.0   907.2   970.3   986.0   987.9
  1001.0  1009.4   996.0   974.2   966.9   977.6   993.0  1001.1  1002.1  1003.2  1006.9  1008.9  1007.4  1008.5  1016.2  1023.6
  1023.0  1018.0  1015.7  1015.8  1013.2  1008.2  1003.9  1000.5   997.8   999.5  1007.1  1011.7   999.2   969.0   941.4   940.0
   959.0   977.1   975.8   967.5   972.3   984.0   978.9   958.5   952.6   974.7  1001.8  1009.1  1002.1   990.0   962.4   924.4
   916.9   965.1  1029.5  1039.6   999.2   980.4  1012.3  1043.8  1012.2   932.5   866.6   842.4   844.3   849.3   857.8   883.5
   917.0   921.8   886.4   852.6   858.9   889.5   894.7   864.0   841.8   862.5   914.3   959.3   975.4   972.4   971.1   981.1
   995.4  1000.6   994.0   986.7   989.2   999.1  1007.8  1011.7  1014.4  1019.4  1024.2  1023.5  1017.3  1011.5  1009.8  1007.8
  1000.9   992.7   990.4   993.8   996.2   995.0   993.3   993.4   995.2   999.2  1005.0  1007.4  1003.7  1000.3  1003.7  1009.9
  1013.0  1017.7  1025.6  1016.6   969.2   899.6   846.5   823.8   814.1   806.1   816.7   863.3   929.1   972.2   979.4   979.1
   992.2  1005.3   999.1   980.1   968.8   970.8   976.0   977.7   980.5   987.9   994.1   993.2   991.8  1000.2  1015.5  1023.2
  1017.7  1010.0  1009.7  1011.1  1005.0   994.0   987.6   987.4   987.6   987.6   992.0   998.0   991.7   967.7   942.8   939.6
   984.9   970.2   937.2   912.4   920.9   953.6   974.8   968.2   958.1   970.8  1001.2  1025.4  1032.4  1028.2  1017.2  1002.8
   996.6  1006.6  1020.0  1017.7  1003.2   997.5  1005.9  1011.2  1002.1   987.1   973.6   950.8   909.9   867.8   851.9   866.1
   880.2   860.5   816.0   789.0   803.9   843.5   870.0   868.8   861.9   873.3   904.2   940.2   967.6   980.7   981.2   976.5
   975.0   978.4   982.7   985.6   990.2   999.6  1011.5  1019.3  1020.1  1017.7  1016.9  1017.1  1014.4  1007.6   999.9   994.4
   992.0   991.6   991.8   992.0   993.7   998.8  1005.3  1007.2  1001.7   994.2   991.4   993.4   995.9   998.3  1003.3  1009.8
  1015.3  1020.9  1026.6  1021.5   991.5   940.7   891.3   859.5   845.9   847.7   868.2   908.0   951.8   977.5   980.9   978.6
   982.9   989.0   988.9   983.6   977.7   970.3   960.1   954.5   962.6   981.2   995.1   996.5   995.7  1004.7  1019.2  1024.8
  1018.4  1011.4  1009.5  1004.9   991.2   976.9   973.4   978.1   978.7   973.1   973.1   985.2   998.0   997.7   988.5   984.9
  1004.5   992.8   961.2   932.6   932.0   957.1   979.7   979.3   967.0   965.6   978.4   990.5   992.1   990.4   996.1  1009.0
  1019.7  1020.7  1013.5  1006.7  1006.8  1010.3  1005.5   988.3   972.3   974.1   991.9  1002.2   984.1   942.2   896.3   856.1
   818.4   783.4   763.0   770.2   803.3   844.0   872.7   885.2   891.2   899.9   915.6   940.1   970.5   993.9   996.5   980.8
   965.4   965.5   978.7   992.0   998.7  1003.9  1013.5  1024.5  1029.1  1025.4  1019.8  1017.0  1014.3  1006.6   994.3   984.8
   984.1   990.2   995.5   994.8   991.7   992.3   997.2   999.7   995.3   987.4   982.5   982.1   983.3   985.4   991.1  1001.8
  1013.5  1020.2  1016.5   997.6   962.2   918.5   881.8   864.4   869.1   890.5   920.8   951.6   974.9   985.7   986.4   984.3
   984.4   987.0   990.3   991.5   985.7   970.0   951.2   943.9   956.4   980.7   999.3  1004.7  1005.7  1012.1  1020.4  1021.1
  1014.0  1007.6  1004.6   998.2   984.8   972.2   968.5   970.1   967.4   960.8   962.2   976.9   994.1  1000.6   999.0  1000.9
   996.4  1011.1  1007.1   992.2   985.0   991.3   998.8   995.5   985.8   982.5   988.2   992.1   986.0   976.4   976.4   989.7
  1005.6  1009.9  1000.5   989.3   988.1   995.9  1000.3   991.8   975.9   967.1   973.3   987.8   994.8   981.2   945.2   896.6
   852.2   827.8   830.1   852.2   877.3   891.2   893.7   894.0   898.1   905.5   916.4   934.4   958.7   977.1   976.7   961.5
   952.1   964.1   991.8  1014.4  1017.8  1008.4  1001.6  1003.3  1007.8  1009.1  1008.4  1010.3  1013.8  1012.5  1003.6   992.7
   988.0   991.3   996.5   996.5   991.7   987.8   989.1   994.0   998.2   999.1   996.2   990.1   983.1   980.5   987.7  1003.4
  1017.0  1014.3   988.0   944.0   897.0   862.5   850.7   863.6   894.6   931.1   960.4   976.6   982.0   982.9   984.4   988.3
   994.4  1001.8  1008.8  1010.7  1001.2   979.8   956.1   943.5   947.7   962.5   976.8   986.6   995.9  1007.4  1016.0  1015.5
  1007.7  1000.5   997.7   995.4   989.4   981.1   973.3   965.6   957.1   951.6   955.2   966.0   973.6   971.5   968.0   976.4
   992.2  1015.2  1024.4  1020.7  1014.4  1011.9  1009.1  1001.2   991.5   988.7   994.9  1002.5  1001.9   993.3   986.8   989.9
   999.1  1003.0   994.5   979.2   970.3   976.0   992.7  1008.4  1013.4  1008.1  1001.5  1001.4  1007.1  1009.6   999.0   975.0
   949.1   934.4   934.7   941.0   940.1   927.5   909.9   896.8   890.9   890.0   893.6   903.4   917.6   928.1   928.9   926.4
   936.1   967.0  1009.6  1040.5  1043.2  1023.8  1001.7   989.6   987.3   989.2   992.8   999.2  1007.5  1012.1  1008.3   998.3
   989.6   987.6   991.4   995.8   996.9   995.6   995.1   997.6  1002.1  1006.2  1007.5  1006.0  1005.1  1008.9  1018.3  1026.3
  1020.6   992.6   946.7   899.1   866.9   859.4   875.4   905.4   935.8   956.5   965.3   967.8   971.5   979.9   991.6  1002.9
  1012.1  1020.2  1027.0  1028.5  1019.4   998.7   973.8   955.2   949.3   955.0   967.7   983.9  1002.0  1018.7  1028.2  1027.0
  1018.4  1009.2  1003.5   999.8   994.8   987.0   977.4   967.5   959.9   957.2   959.9   963.7   962.6   956.9   955.6   967.9
   991.7   999.0   999.4   997.2   998.7  1004.4  1007.9  1003.1   991.8   982.5   981.5   987.3   992.8   993.6   992.6   995.4
  1002.7  1008.3  1004.9   992.4   979.9   978.2   991.5  1013.4  1032.3  1039.8  1037.0  1032.2  1031.5  1033.6  1032.0  1021.9
  1005.7   990.3   980.3   974.4   967.9   957.5   943.2   926.9   910.6   897.7   892.5   897.6   910.0   921.9   927.9   931.7
   943.1   967.9  1000.2  1025.2  1031.9  1022.6  1009.1  1000.9   999.1  1000.0  1001.4  1003.8  1007.6  1010.1  1007.5   999.5
   990.1   984.9   985.9   990.9   995.4   996.1   993.0   988.3   984.8   984.2   987.3   994.0  1003.0  1010.8  1011.5   998.0
   968.2   928.6   893.2   876.0   883.4   910.8   944.0   966.0   968.8   958.4   948.9   952.2   970.2   995.2  1015.6  1024.8
  1025.0  1023.8  1025.7  1028.2  1024.6  1011.1   992.1   976.9   973.4   982.9  1000.8  1019.4  1032.3  1036.4  1032.8  1025.4
  1019.0  1016.0  1014.4  1010.4  1001.6   989.4   977.9   970.7   968.9   971.2   974.3   974.9   972.4   969.6   971.7   980.3
   985.6   973.0   959.9   954.7   962.6   981.0  1000.1  1010.2  1008.4  1000.3   993.7   992.2   993.8   994.8   994.6   995.7
   999.8  1005.2  1007.6  1004.6   998.6   995.2   999.0  1008.9  1019.5  1025.6  1026.1  1024.3  1024.2  1026.0  1026.0  1020.4
  1009.1   996.4   987.7   985.5   988.2   990.7   987.4   976.4   960.9   948.1   945.3   954.5   970.1   981.6   981.0   968.7
   953.1   943.0   941.7   947.2   955.7   965.2   975.8   986.7   995.6  1000.0  1000.4   999.7  1000.8  1003.7  1005.7  1004.3
   999.4   993.9   990.5   990.1   991.2   990.7   986.6   978.8   969.2   960.4   954.4   951.5   949.0   942.3   927.3   903.2
   875.7   854.9   851.5   870.7   909.0   952.7   983.4   989.2   973.7   953.4   945.0   955.9   980.6  1005.7  1018.8  1017.6
  1010.2  1007.3  1012.9  1022.0  1025.1  1017.2  1002.8   992.7   995.4  1011.3  1031.2  1041.8  1034.3  1011.0   983.8   966.3
   966.0   981.5  1003.6  1020.2  1023.4  1013.7   997.9   983.8   975.6   973.3   974.5   977.3   981.1   985.9   990.5   991.5
   997.3   977.3   956.0   942.9   943.7   957.2   976.7   994.1  1004.4  1008.2  1009.3  1010.4  1011.5  1010.7  1007.0  1001.8
   997.7   996.3   997.6  1000.3  1003.3  1006.7  1010.8  1015.3  1019.0  1021.0  1021.7  1022.2  1023.5  1024.4  1022.2  1014.5
  1001.6   987.5   977.0   973.6   977.1   984.2   989.9   991.7   990.9   991.6   997.4  1007.4  1015.6  1013.3   995.4   964.2
   928.8   899.5   883.3   882.1   893.9   913.8   936.1   954.8   965.9   968.9   967.0   965.1   967.5   975.0   985.0   993.6
   998.0   998.0   995.7   993.6   992.6   991.8   988.6   980.9   968.2   951.6   933.5   915.9   899.5   883.9   868.7   855.5
   847.8   850.3   866.4   895.2   930.2   960.7   977.2   977.5   968.5   961.0   962.6   973.3   986.4   993.8   992.5   987.2
   986.7   996.2  1013.3  1028.4  1031.3  1019.5  1001.3   989.8   993.8  1011.6  1030.5  1033.2  1009.7   965.2   917.5   885.6
   881.0   904.7   947.9   995.3  1030.6  1044.3  1037.1  1017.2   994.7   976.9   968.0   969.1   978.8   992.9  1004.8  1007.4
  1016.8  1005.7   988.7   972.1   960.9   956.9   958.7   963.6   969.6   976.6   985.1   995.2  1005.4  1013.1  1016.3  1014.7
  1009.8  1004.4  1000.8  1000.2  1002.8  1008.0  1014.7  1022.0  1028.9  1034.8  1039.5  1042.5  1042.8  1038.8  1028.7  1012.3
   991.7   970.9   954.7   946.5   947.0   954.7   966.2   978.1   988.2   995.5   999.8   999.8   993.5   979.4   958.3   934.1
   912.7   899.7   898.3   908.6   927.3   948.8   966.8   976.5   976.4   968.8   958.6   950.9   949.4   954.6   964.6   975.7
   984.8   990.4   992.9   993.5   993.2   991.4   986.7   977.5   963.5   946.1   928.4   913.5   903.7   899.8   901.2   906.9
   915.6   926.5   938.5   950.4   960.3   966.9   970.3   972.4   975.6   981.4   988.4   993.5   993.3   987.8   981.0   979.2
   986.6  1001.9  1018.0  1024.9  1016.8   996.8   976.0   966.9   976.3  1000.3  1024.8  1030.9  1005.6   952.4   888.6   835.5
   807.9   811.8   844.6   896.9   954.2  1001.1  1027.0  1030.0  1016.5   997.0   980.9   974.4   979.2   992.2  1007.4  1017.2
  1004.4  1006.1  1004.1   998.9   991.8   983.9   976.3   969.8   965.5   965.0   969.1   978.1   990.4  1003.7  1015.2  1022.5
  1025.0  1023.2  1019.1  1014.6  1011.5  1010.7  1012.8  1017.4  1023.8  1030.8  1037.1  1040.9  1040.5  1034.7  1023.1  1006.6
   988.1   970.8   958.4   953.0   955.3   963.8   975.8   987.6   996.4  1000.0   997.8   990.8   980.6   969.4   959.8   954.4
   955.2   963.1   977.2   995.3  1013.5  1027.8  1034.8  1033.3  1024.5  1011.4   997.9   987.3   981.6   980.9   984.2   989.4
   994.8   999.1  1001.9  1002.9  1001.9   998.5   991.9   982.3   970.6   958.9   950.2   946.8   950.1   959.8   973.6   988.1
   999.6  1005.6  1005.2   999.9   992.5   986.4   984.2   986.9   993.8  1001.9  1007.9  1008.9  1004.6   997.6   991.9   990.7
   994.3   999.5  1000.8   993.7   978.5   961.0   950.3   954.3   975.3  1007.6  1037.2  1045.9  1020.7   962.6   886.4   812.8
   758.1   731.5   735.0   765.8   816.6   876.8   934.0   977.5  1002.0  1009.1  1004.8   996.9   991.1   990.2   993.8   999.6
   982.4   983.7   988.4   994.5  1000.3  1003.9  1004.5  1002.2   998.1   994.0   991.5   991.9   995.6  1002.0  1009.7  1017.0
  1022.5  1025.5  1026.0  1024.8  1022.8  1021.3  1021.0  1022.3  1025.2  1028.9  1032.5  1034.7  1034.4  1031.0  1024.5  1015.9
  1006.7   998.7   993.7   992.6   995.4  1001.3  1008.5  1015.1  1019.6  1021.0  1019.7  1016.5  1012.9  1010.6  1010.7  1013.7
  1019.6  1027.5  1036.1  1043.9  1049.4  1051.8  1051.0  1047.6  1042.6  1037.2  1032.5  1029.0  1027.0  1026.0  1025.8  1025.9
  1026.1  1026.4  1026.7  1026.7  1026.0  1024.0  1020.2  1014.7  1008.4  1002.6   998.9   998.6  1002.1  1008.7  1016.7  1023.8
  1027.8  1027.5  1023.4  1016.8  1010.2  1005.7  1004.4  1006.3  1010.0  1013.3  1014.4  1012.4  1007.6  1001.7   996.5   992.9
   990.4   987.4   982.5   975.5   968.3   965.0   969.6   984.6  1008.1  1033.2  1048.6  1041.9  1005.8   942.7   864.5   787.0
   723.6   682.9   668.5   680.4   716.0   770.4   835.7   901.8   958.6   998.9  1020.0  1024.4  1017.5  1005.7   994.0   985.8
   990.5   982.4   980.0   982.7   988.8   996.3  1003.2  1008.1  1010.5  1010.3  1008.5  1006.1  1004.2  1003.4  1004.0  1006.0
  1009.0  1012.6  1016.3  1020.0  1023.5  1027.1  1030.7  1034.4  1038.1  1041.5  1044.2  1045.7  1045.8  1044.3  1041.2  1037.1
  1032.5  1028.1  1024.7  1022.6  1022.1  1023.0  1025.0  1027.8  1030.9  1034.1  1037.2  1040.3  1043.2  1046.0  1048.4  1050.0
  1050.5  1049.8  1047.8  1044.8  1041.5  1038.6  1036.8  1036.3  1037.4  1039.7  1042.6  1045.3  1047.1  1047.5  1046.4  1044.4
  1041.9  1039.8  1038.4  1038.1  1038.7  1039.6  1040.3  1040.3  1039.4  1037.7  1035.5  1033.3  1031.3  1029.7  1028.3  1026.8
  1025.1  1023.1  1021.0  1019.2  1018.0  1017.7  1018.0  1018.5  1018.4  1017.0  1014.1  1009.7  1004.5   999.3   994.8   991.4
   989.1   987.7   987.1   987.5   989.4   993.5   999.9  1007.2  1012.4  1010.6   996.8   967.2   921.5   863.7   801.2   742.6
   695.1   664.1   652.4   660.8   689.0   734.7   793.5   859.1   923.4   978.2  1017.4  1038.4  1042.7  1034.6  1019.8  1003.8
  1009.4   998.4   990.2   985.8   985.0   987.2   991.3   996.1  1000.8  1004.6  1007.2  1008.6  1009.1  1009.1  1009.1  1009.4
  1010.2  1011.8  1014.0  1016.9  1020.2  1024.0  1027.9  1031.7  1035.4  1038.7  1041.3  1043.1  1044.0  1044.0  1043.1  1041.4
  1039.1  1036.6  1034.2  1032.3  1031.0  1030.5  1031.1  1032.8  1035.4  1038.7  1042.6  1046.5  1050.2  1053.2  1055.1  1055.8
  1055.1  1053.4  1051.0  1048.4  1046.3  1045.0  1044.9  1045.9  1047.8  1050.0  1051.9  1053.0  1052.7  1051.0  1047.9  1044.0
  1039.8  1036.0  1033.2  1031.7  1031.5  1032.3  1033.8  1035.5  1036.9  1037.7  1037.5  1036.6  1034.9  1032.8  1030.5  1028.3
  1026.5  1025.2  1024.4  1024.1  1023.9  1023.8  1023.2  1022.0  1019.8  1016.6  1012.5  1008.0  1003.2   998.8   995.0   991.9
   989.6   987.8   986.3   984.5   981.9   977.6   970.8   960.2   944.6   923.1   895.3   861.8   824.4   785.7   749.1   718.0
   695.3   683.4   683.6   696.7   722.5   759.7   805.8   857.1   909.0   956.4   994.8  1021.4  1035.4  1038.1  1032.3  1021.6
  1014.2  1008.9  1004.0  1000.2   998.0   997.7   999.1  1001.8  1005.5  1009.6  1013.8  1017.7  1021.0  1023.6  1025.5  1026.8
  1027.5  1028.0  1028.1  1028.2  1028.4  1028.6  1029.0  1029.6  1030.4  1031.3  1032.3  1033.4  1034.4  1035.4  1036.3  1037.1
  1037.7  1038.3  1038.8  1039.3  1040.0  1040.7  1041.7  1042.9  1044.3  1045.8  1047.4  1048.9  1050.2  1051.2  1051.9  1052.3
  1052.5  1052.4  1052.3  1052.4  1052.6  1053.1  1053.9  1054.7  1055.5  1055.9  1055.8  1055.0  1053.3  1050.9  1047.9  1044.6
  1041.1  1037.9  1035.1  1033.1  1031.7  1031.1  1031.1  1031.4  1032.0  1032.5  1032.7  1032.7  1032.4  1031.7  1030.8  1029.7
  1028.5  1027.3  1026.1  1024.8  1023.4  1021.7  1019.8  1017.5  1014.8  1011.7  1008.4  1004.8  1001.0   997.2   993.3   989.2
   984.9   979.9   974.1   967.0   958.4   947.8   935.0   920.0   902.8   883.7   863.4   842.7   822.7   804.6   789.7   779.1
   773.8   774.5   781.8   795.5   815.2   840.1   868.6   899.1   929.3   957.3   981.2   999.7  1012.3  1019.0  1020.7  1018.6
  1018.1  1016.9  1015.6  1014.5  1013.9  1013.9  1014.5  1015.8  1017.7  1020.0  1022.6  1025.4  1028.1  1030.6  1032.9  1034.8
  1036.3  1037.4  1038.2  1038.7  1039.0  1039.2  1039.3  1039.5  1039.7  1040.1  1040.7  1041.4  1042.3  1043.3  1044.4  1045.6
  1046.8  1048.0  1049.0  1050.0  1050.8  1051.5  1051.9  1052.2  1052.2  1052.2  1051.9  1051.5  1051.0  1050.5  1050.0  1049.5
  1049.0  1048.7  1048.5  1048.5  1048.7  1048.9  1049.2  1049.6  1049.9  1050.1  1050.1  1050.0  1049.6  1048.9  1048.1  1047.1
  1046.0  1044.9  1043.7  1042.6  1041.6  1040.6  1039.7  1038.8  1038.0  1037.1  1036.1  1035.0  1033.8  1032.5  1031.1  1029.5
  1027.9  1026.2  1024.4  1022.6  1020.9  1019.1  1017.3  1015.6  1013.8  1012.1  1010.3  1008.6  1006.7  1004.8  1002.6  1000.2
   997.5   994.3   990.5   986.1   981.1   975.4   969.1   962.2   955.1   947.8   940.7   934.2   928.5   924.1   921.2   920.2
   921.2   924.2   929.4   936.4   945.0   954.8   965.3   975.9   986.1   995.5  1003.4  1009.8  1014.4  1017.3  1018.7  1018.8
  1025.3  1024.3  1023.4  1022.6  1022.0  1021.5  1021.4  1021.4  1021.6  1022.1  1022.8  1023.7  1024.7  1025.8  1027.1  1028.3
  1029.6  1030.9  1032.2  1033.5  1034.8  1036.0  1037.2  1038.4  1039.6  1040.7  1041.8  1042.9  1044.0  1045.0  1046.0  1046.8
  1047.7  1048.4  1049.0  1049.5  1049.9  1050.1  1050.3  1050.3  1050.2  1050.0  1049.7  1049.3  1048.8  1048.4  1047.9  1047.4
  1047.0  1046.5  1046.2  1045.8  1045.6  1045.3  1045.2  1045.0  1044.9  1044.8  1044.8  1044.6  1044.5  1044.3  1044.1  1043.8
  1043.4  1043.0  1042.5  1041.9  1041.3  1040.5  1039.7  1038.9  1037.9  1037.0  1035.9  1034.9  1033.8  1032.7  1031.6  1030.5
  1029.5  1028.5  1027.6  1026.8  1026.0  1025.4  1024.9  1024.6  1024.3  1024.2  1024.1  1024.1  1024.2  1024.4  1024.6  1024.8
  1025.0  1025.2  1025.2  1025.3  1025.2  1025.1  1024.9  1024.7  1024.4  1024.1  1023.9  1023.7  1023.6  1023.6  1023.8  1024.0
  1024.5  1025.0  1025.7  1026.4  1027.2  1028.0  1028.6  1029.2  1029.5  1029.7  1029.6  1029.3  1028.8  1028.1  1027.3  1026.3
  1026.5  1026.1  1025.7  1025.3  1025.0  1024.7  1024.5  1024.3  1024.2  1024.1  1024.1  1024.2  1024.3  1024.4  1024.6  1024.9
  1025.2  1025.5  1025.8  1026.2  1026.7  1027.1  1027.6  1028.1  1028.6  1029.1  1029.6  1030.0  1030.5  1031.0  1031.5  1031.9
  1032.3  1032.7  1033.1  1033.4  1033.7  1034.0  1034.2  1034.5  1034.7  1034.8  1035.0  1035.1  1035.2  1035.2  1035.3  1035.3
  1035.3  1035.3  1035.2  1035.2  1035.1  1035.1  1035.0  1034.9  1034.8  1034.6  1034.5  1034.3  1034.2  1034.0  1033.8  1033.7
  1033.5  1033.2  1033.0  1032.8  1032.6  1032.4  1032.2  1031.9  1031.7  1031.5  1031.3  1031.1  1030.9  1030.7  1030.6  1030.4
  1030.3  1030.2  1030.2  1030.2  1030.2  1030.2  1030.2  1030.3  1030.4  1030.6  1030.8  1030.9  1031.1  1031.4  1031.6  1031.8
  1032.1  1032.3  1032.6  1032.8  1033.0  1033.2  1033.4  1033.5  1033.7  1033.8  1033.8  1033.9  1033.8  1033.8  1033.7  1033.6
  1033.4  1033.2  1032.9  1032.6  1032.2  1031.9  1031.5  1031.0  1030.5  1030.0  1029.5  1029.0  1028.5  1028.0  1027.5  1027.0
EC T42 annual mean (T(L),I=1,LM)  LM=  40
  278.69  278.73  278.74  278.66  278.44  278.06  277.53  276.90  276.21  275.41
  274.51  273.52  272.45  271.24  269.77  267.96  265.84  263.43  260.77  257.97
  254.91  251.49  247.78  243.77  239.54  235.19  230.87  226.85  223.35  220.48
  218.12  215.87  213.36  210.72  208.43  207.65  209.18  212.20  216.40  224.93

