O3O3P     NASA2006   at temp. T1/T2   218.0  298.0
 Bin  Wavelength (nm)   Solar Flux    X-sect(T1) X-sect(T2)
  1   177.49 - 178.30   1.023E+11     0.000E+00  0.000E+00
  2   178.30 - 179.26   1.443E+11     0.000E+00  0.000E+00
  3   179.26 - 180.38   1.624E+11     0.000E+00  0.000E+00
  4   180.38 - 181.65   2.136E+11     0.000E+00  0.000E+00
  5   181.65 - 183.08   2.998E+11     0.000E+00  0.000E+00
  6   183.08 - 184.65   2.927E+11     0.000E+00  0.000E+00
  7   184.65 - 186.37   3.082E+11     0.000E+00  1.114E-20
  8   186.37 - 188.24   4.765E+11     0.000E+00  5.887E-20
  9   188.24 - 190.25   6.149E+11     0.000E+00  5.359E-20
 10   190.25 - 192.42   7.709E+11     0.000E+00  4.780E-20
 11   192.42 - 194.73   9.205E+11     0.000E+00  4.213E-20
 12   194.73 - 197.20   1.345E+12     1.556E-20  3.697E-20
 13   197.20 - 198.50   7.772E+11     3.344E-20  3.390E-20
 14   198.50 - 200.00   9.630E+11     3.195E-20  3.234E-20
 15   200.00 - 202.50   1.930E+12     3.154E-20  3.183E-20
 16   202.50 - 204.00   1.291E+12     3.286E-20  3.306E-20
 17   204.00 - 206.50   2.593E+12     3.686E-20  3.698E-20
 18   206.50 - 209.50   4.391E+12     4.778E-20  4.770E-20
 19   209.50 - 212.50   8.905E+12     6.597E-20  6.567E-20
 20   212.50 - 215.50   1.081E+13     9.424E-20  9.379E-20
 21   215.50 - 218.50   1.153E+13     1.328E-19  1.318E-19
 22   218.50 - 221.50   1.451E+13     1.817E-19  1.801E-19
 23   221.50 - 225.00   2.131E+13     2.554E-19  2.542E-19
 24   225.00 - 229.00   2.063E+13     3.548E-19  3.534E-19
 25   229.00 - 233.00   2.298E+13     4.847E-19  4.832E-19
 26   233.00 - 237.50   2.396E+13     6.398E-19  6.408E-19
 27   237.50 - 242.50   2.822E+13     8.202E-19  8.229E-19
 28   242.50 - 248.00   3.842E+13     9.808E-19  9.861E-19
 29   248.00 - 254.00   3.790E+13     1.106E-18  1.116E-18
 30   254.00 - 260.00   7.566E+13     1.115E-18  1.125E-18
 31   260.00 - 265.50   1.072E+14     9.970E-19  1.010E-18
 32   265.50 - 270.50   1.715E+14     8.404E-19  8.571E-19
 33   270.50 - 275.50   1.277E+14     6.593E-19  6.760E-19
 34   275.50 - 280.00   1.204E+14     4.756E-19  4.912E-19
 35   280.00 - 283.50   1.214E+14     3.195E-19  3.321E-19
 36   283.50 - 286.50   1.035E+14     2.421E-19  2.525E-19
 37   286.50 - 289.00   1.229E+14     1.784E-19  1.875E-19
 38   289.00 - 291.00   1.601E+14     1.371E-19  1.456E-19
 39   291.00 - 293.00   1.540E+14     1.072E-19  1.152E-19
 40   293.00 - 295.00   1.526E+14     8.423E-20  9.118E-20
 41   295.00 - 296.75   1.481E+14     6.446E-20  7.042E-20
 42   296.75 - 298.25   1.190E+14     5.220E-20  5.742E-20
 43   298.25 - 299.55   8.872E+13     4.405E-20  4.874E-20
 44   299.55 - 300.50   6.089E+13     3.812E-20  4.242E-20
 45   300.50 - 301.50   7.177E+13     3.253E-20  3.646E-20
 46   301.50 - 302.50   6.438E+13     2.776E-20  3.138E-20
 47   302.50 - 303.50   9.648E+13     2.311E-20  2.638E-20
 48   303.50 - 304.50   8.564E+13     2.045E-20  2.331E-20
 49   304.50 - 305.50   9.661E+13     1.788E-20  2.067E-20
 50   305.50 - 306.50   8.102E+13     1.892E-20  2.135E-20
 51   306.50 - 307.45   8.878E+13     2.185E-20  2.244E-20
 52   307.45 - 308.50   1.037E+14     2.936E-20  2.884E-20
 53   308.50 - 309.45   8.216E+13     4.103E-20  3.901E-20
 54   309.45 - 310.50   8.354E+13     5.077E-20  4.871E-20
 55   310.50 - 311.50   1.308E+14     5.690E-20  5.527E-20
 56   311.50 - 312.45   1.019E+14     5.475E-20  5.459E-20
 57   312.45 - 313.50   1.135E+14     4.976E-20  5.066E-20
 58   313.50 - 314.50   1.144E+14     4.543E-20  4.685E-20
 59   314.50 - 315.70   1.297E+14     3.926E-20  4.120E-20
 60   315.70 - 317.20   1.504E+14     3.234E-20  3.409E-20
 61   317.20 - 318.70   1.733E+14     2.721E-20  2.762E-20
 62   318.70 - 320.30   1.893E+14     2.109E-20  1.988E-20
 63   320.30 - 322.50   2.728E+14     1.649E-20  1.616E-20
 64   322.50 - 326.95   6.081E+14     1.001E-20  1.270E-20
 65   326.95 - 334.95   1.296E+15     4.224E-21  6.087E-21
 66   334.95 - 345.00   1.609E+15     8.310E-22  1.403E-21
 67   345.00 - 355.05   1.766E+15     4.779E-27  8.755E-27
 68   355.05 - 365.03   1.744E+15     0.000E+00  0.000E+00
 69   365.03 - 375.00   2.097E+15     0.000E+00  0.000E+00
 70   375.00 - 389.95   3.038E+15     0.000E+00  0.000E+00
 71   389.95 - 412.45   6.791E+15     0.000E+00  0.000E+00
 72   412.45 - 437.55   9.281E+15     0.000E+00  0.000E+00
 73   437.55 - 485.10   2.224E+16     0.000E+00  0.000E+00
 74   485.10 - 560.10   3.676E+16     0.000E+00  0.000E+00
 75   560.10 - 635.10   3.960E+16     0.000E+00  0.000E+00
 76   635.10 - 760.20   6.302E+16     0.000E+00  0.000E+00
 77   760.20 - 850.00   4.013E+16     0.000E+00  0.000E+00

SOLAR FLUX
 1.023E+11 1.443E+11 1.624E+11 2.136E+11 2.998E+11 2.927E+11 3.082E+11 4.765E+11
 6.149E+11 7.709E+11 9.205E+11 1.345E+12 7.772E+11 9.630E+11 1.930E+12 1.291E+12
 2.593E+12 4.391E+12 8.905E+12 1.081E+13 1.153E+13 1.451E+13 2.131E+13 2.063E+13
 2.298E+13 2.396E+13 2.822E+13 3.842E+13 3.790E+13 7.566E+13 1.072E+14 1.715E+14
 1.277E+14 1.204E+14 1.214E+14 1.035E+14 1.229E+14 1.601E+14 1.540E+14 1.526E+14
 1.481E+14 1.190E+14 8.872E+13 6.089E+13 7.177E+13 6.438E+13 9.648E+13 8.564E+13
 9.661E+13 8.102E+13 8.878E+13 1.037E+14 8.216E+13 8.354E+13 1.308E+14 1.019E+14
 1.135E+14 1.144E+14 1.297E+14 1.504E+14 1.733E+14 1.893E+14 2.728E+14 6.081E+14
 1.296E+15 1.609E+15 1.766E+15 1.744E+15 2.097E+15 3.038E+15 6.791E+15 9.281E+15
 2.224E+16 3.676E+16 3.960E+16 6.302E+16 4.013E+16
O3O3P     NASA2006   218.
 0.000E+00 0.000E+00 0.000E+00 0.000E+00 0.000E+00 0.000E+00 0.000E+00 0.000E+00
 0.000E+00 0.000E+00 0.000E+00 1.556E-20 3.344E-20 3.195E-20 3.154E-20 3.286E-20
 3.686E-20 4.778E-20 6.597E-20 9.424E-20 1.328E-19 1.817E-19 2.554E-19 3.548E-19
 4.847E-19 6.398E-19 8.202E-19 9.808E-19 1.106E-18 1.115E-18 9.970E-19 8.404E-19
 6.593E-19 4.756E-19 3.195E-19 2.421E-19 1.784E-19 1.371E-19 1.072E-19 8.423E-20
 6.446E-20 5.220E-20 4.405E-20 3.812E-20 3.253E-20 2.776E-20 2.311E-20 2.045E-20
 1.788E-20 1.892E-20 2.185E-20 2.936E-20 4.103E-20 5.077E-20 5.690E-20 5.475E-20
 4.976E-20 4.543E-20 3.926E-20 3.234E-20 2.721E-20 2.109E-20 1.649E-20 1.001E-20
 4.224E-21 8.310E-22 4.779E-27 0.000E+00 0.000E+00 0.000E+00 0.000E+00 0.000E+00
 0.000E+00 0.000E+00 0.000E+00 0.000E+00 0.000E+00
O3O3P     NASA2006   298.
 0.000E+00 0.000E+00 0.000E+00 0.000E+00 0.000E+00 0.000E+00 1.114E-20 5.887E-20
 5.359E-20 4.780E-20 4.213E-20 3.697E-20 3.390E-20 3.234E-20 3.183E-20 3.306E-20
 3.698E-20 4.770E-20 6.567E-20 9.379E-20 1.318E-19 1.801E-19 2.542E-19 3.534E-19
 4.832E-19 6.408E-19 8.229E-19 9.861E-19 1.116E-18 1.125E-18 1.010E-18 8.571E-19
 6.760E-19 4.912E-19 3.321E-19 2.525E-19 1.875E-19 1.456E-19 1.152E-19 9.118E-20
 7.042E-20 5.742E-20 4.874E-20 4.242E-20 3.646E-20 3.138E-20 2.638E-20 2.331E-20
 2.067E-20 2.135E-20 2.244E-20 2.884E-20 3.901E-20 4.871E-20 5.527E-20 5.459E-20
 5.066E-20 4.685E-20 4.120E-20 3.409E-20 2.762E-20 1.988E-20 1.616E-20 1.270E-20
 6.087E-21 1.403E-21 8.755E-27 0.000E+00 0.000E+00 0.000E+00 0.000E+00 0.000E+00
 0.000E+00 0.000E+00 0.000E+00 0.000E+00 0.000E+00
