PANNO3    NASA2006   at temp. T1/T2   298.0  298.0
 Bin  Wavelength (nm)   Solar Flux    X-sect(T1) X-sect(T2)
  1   177.49 - 178.30   1.023E+11     0.000E+00  0.000E+00
  2   178.30 - 179.26   1.443E+11     0.000E+00  0.000E+00
  3   179.26 - 180.38   1.624E+11     0.000E+00  0.000E+00
  4   180.38 - 181.65   2.136E+11     0.000E+00  0.000E+00
  5   181.65 - 183.08   2.998E+11     0.000E+00  0.000E+00
  6   183.08 - 184.65   2.927E+11     0.000E+00  0.000E+00
  7   184.65 - 186.37   3.082E+11     0.000E+00  0.000E+00
  8   186.37 - 188.24   4.765E+11     0.000E+00  0.000E+00
  9   188.24 - 190.25   6.149E+11     0.000E+00  0.000E+00
 10   190.25 - 192.42   7.709E+11     0.000E+00  0.000E+00
 11   192.42 - 194.73   9.205E+11     2.337E-19  2.337E-19
 12   194.73 - 197.20   1.345E+12     8.226E-19  8.226E-19
 13   197.20 - 198.50   7.772E+11     7.979E-19  7.979E-19
 14   198.50 - 200.00   9.630E+11     7.485E-19  7.485E-19
 15   200.00 - 202.50   1.930E+12     6.766E-19  6.766E-19
 16   202.50 - 204.00   1.291E+12     6.081E-19  6.081E-19
 17   204.00 - 206.50   2.593E+12     5.463E-19  5.463E-19
 18   206.50 - 209.50   4.391E+12     4.683E-19  4.683E-19
 19   209.50 - 212.50   8.905E+12     3.908E-19  3.908E-19
 20   212.50 - 215.50   1.081E+13     3.193E-19  3.193E-19
 21   215.50 - 218.50   1.153E+13     2.640E-19  2.640E-19
 22   218.50 - 221.50   1.451E+13     2.194E-19  2.194E-19
 23   221.50 - 225.00   2.131E+13     1.759E-19  1.759E-19
 24   225.00 - 229.00   2.063E+13     1.430E-19  1.430E-19
 25   229.00 - 233.00   2.298E+13     1.144E-19  1.144E-19
 26   233.00 - 237.50   2.396E+13     9.049E-20  9.049E-20
 27   237.50 - 242.50   2.822E+13     6.934E-20  6.934E-20
 28   242.50 - 248.00   3.842E+13     5.246E-20  5.246E-20
 29   248.00 - 254.00   3.790E+13     3.743E-20  3.743E-20
 30   254.00 - 260.00   7.566E+13     2.617E-20  2.617E-20
 31   260.00 - 265.50   1.072E+14     1.817E-20  1.817E-20
 32   265.50 - 270.50   1.715E+14     1.366E-20  1.366E-20
 33   270.50 - 275.50   1.277E+14     9.514E-21  9.514E-21
 34   275.50 - 280.00   1.204E+14     6.515E-21  6.515E-21
 35   280.00 - 283.50   1.214E+14     4.384E-21  4.384E-21
 36   283.50 - 286.50   1.035E+14     3.367E-21  3.367E-21
 37   286.50 - 289.00   1.229E+14     2.504E-21  2.504E-21
 38   289.00 - 291.00   1.601E+14     2.027E-21  2.027E-21
 39   291.00 - 293.00   1.540E+14     1.693E-21  1.693E-21
 40   293.00 - 295.00   1.526E+14     1.411E-21  1.411E-21
 41   295.00 - 296.75   1.481E+14     1.162E-21  1.162E-21
 42   296.75 - 298.25   1.190E+14     9.864E-22  9.864E-22
 43   298.25 - 299.55   8.872E+13     8.591E-22  8.591E-22
 44   299.55 - 300.50   6.089E+13     7.664E-22  7.664E-22
 45   300.50 - 301.50   7.177E+13     6.844E-22  6.844E-22
 46   301.50 - 302.50   6.438E+13     6.198E-22  6.198E-22
 47   302.50 - 303.50   9.648E+13     5.537E-22  5.537E-22
 48   303.50 - 304.50   8.564E+13     5.001E-22  5.001E-22
 49   304.50 - 305.50   9.661E+13     4.487E-22  4.487E-22
 50   305.50 - 306.50   8.102E+13     3.999E-22  3.999E-22
 51   306.50 - 307.45   8.878E+13     3.628E-22  3.628E-22
 52   307.45 - 308.50   1.037E+14     3.280E-22  3.280E-22
 53   308.50 - 309.45   8.216E+13     2.989E-22  2.989E-22
 54   309.45 - 310.50   8.354E+13     2.672E-22  2.672E-22
 55   310.50 - 311.50   1.308E+14     2.407E-22  2.407E-22
 56   311.50 - 312.45   1.019E+14     2.172E-22  2.172E-22
 57   312.45 - 313.50   1.135E+14     2.004E-22  2.004E-22
 58   313.50 - 314.50   1.144E+14     1.849E-22  1.849E-22
 59   314.50 - 315.70   1.297E+14     1.627E-22  1.627E-22
 60   315.70 - 317.20   1.504E+14     1.393E-22  1.393E-22
 61   317.20 - 318.70   1.733E+14     1.242E-22  1.242E-22
 62   318.70 - 320.30   1.893E+14     1.063E-22  1.063E-22
 63   320.30 - 322.50   2.728E+14     8.996E-23  8.996E-23
 64   322.50 - 326.95   6.081E+14     6.406E-23  6.406E-23
 65   326.95 - 334.95   1.296E+15     3.900E-23  3.900E-23
 66   334.95 - 345.00   1.609E+15     1.836E-23  1.836E-23
 67   345.00 - 355.05   1.766E+15     6.569E-24  6.569E-24
 68   355.05 - 365.03   1.744E+15     1.474E-30  1.474E-30
 69   365.03 - 375.00   2.097E+15     0.000E+00  0.000E+00
 70   375.00 - 389.95   3.038E+15     0.000E+00  0.000E+00
 71   389.95 - 412.45   6.791E+15     0.000E+00  0.000E+00
 72   412.45 - 437.55   9.281E+15     0.000E+00  0.000E+00
 73   437.55 - 485.10   2.224E+16     0.000E+00  0.000E+00
 74   485.10 - 560.10   3.676E+16     0.000E+00  0.000E+00
 75   560.10 - 635.10   3.960E+16     0.000E+00  0.000E+00
 76   635.10 - 760.20   6.302E+16     0.000E+00  0.000E+00
 77   760.20 - 850.00   4.013E+16     0.000E+00  0.000E+00

SOLAR FLUX
 1.023E+11 1.443E+11 1.624E+11 2.136E+11 2.998E+11 2.927E+11 3.082E+11 4.765E+11
 6.149E+11 7.709E+11 9.205E+11 1.345E+12 7.772E+11 9.630E+11 1.930E+12 1.291E+12
 2.593E+12 4.391E+12 8.905E+12 1.081E+13 1.153E+13 1.451E+13 2.131E+13 2.063E+13
 2.298E+13 2.396E+13 2.822E+13 3.842E+13 3.790E+13 7.566E+13 1.072E+14 1.715E+14
 1.277E+14 1.204E+14 1.214E+14 1.035E+14 1.229E+14 1.601E+14 1.540E+14 1.526E+14
 1.481E+14 1.190E+14 8.872E+13 6.089E+13 7.177E+13 6.438E+13 9.648E+13 8.564E+13
 9.661E+13 8.102E+13 8.878E+13 1.037E+14 8.216E+13 8.354E+13 1.308E+14 1.019E+14
 1.135E+14 1.144E+14 1.297E+14 1.504E+14 1.733E+14 1.893E+14 2.728E+14 6.081E+14
 1.296E+15 1.609E+15 1.766E+15 1.744E+15 2.097E+15 3.038E+15 6.791E+15 9.281E+15
 2.224E+16 3.676E+16 3.960E+16 6.302E+16 4.013E+16
PANNO3    NASA2006   298.
 0.000E+00 0.000E+00 0.000E+00 0.000E+00 0.000E+00 0.000E+00 0.000E+00 0.000E+00
 0.000E+00 0.000E+00 2.337E-19 8.226E-19 7.979E-19 7.485E-19 6.766E-19 6.081E-19
 5.463E-19 4.683E-19 3.908E-19 3.193E-19 2.640E-19 2.194E-19 1.759E-19 1.430E-19
 1.144E-19 9.049E-20 6.934E-20 5.246E-20 3.743E-20 2.617E-20 1.817E-20 1.366E-20
 9.514E-21 6.515E-21 4.384E-21 3.367E-21 2.504E-21 2.027E-21 1.693E-21 1.411E-21
 1.162E-21 9.864E-22 8.591E-22 7.664E-22 6.844E-22 6.198E-22 5.537E-22 5.001E-22
 4.487E-22 3.999E-22 3.628E-22 3.280E-22 2.989E-22 2.672E-22 2.407E-22 2.172E-22
 2.004E-22 1.849E-22 1.627E-22 1.393E-22 1.242E-22 1.063E-22 8.996E-23 6.406E-23
 3.900E-23 1.836E-23 6.569E-24 1.474E-30 0.000E+00 0.000E+00 0.000E+00 0.000E+00
 0.000E+00 0.000E+00 0.000E+00 0.000E+00 0.000E+00
PANNO3    NASA2006   298.
 0.000E+00 0.000E+00 0.000E+00 0.000E+00 0.000E+00 0.000E+00 0.000E+00 0.000E+00
 0.000E+00 0.000E+00 2.337E-19 8.226E-19 7.979E-19 7.485E-19 6.766E-19 6.081E-19
 5.463E-19 4.683E-19 3.908E-19 3.193E-19 2.640E-19 2.194E-19 1.759E-19 1.430E-19
 1.144E-19 9.049E-20 6.934E-20 5.246E-20 3.743E-20 2.617E-20 1.817E-20 1.366E-20
 9.514E-21 6.515E-21 4.384E-21 3.367E-21 2.504E-21 2.027E-21 1.693E-21 1.411E-21
 1.162E-21 9.864E-22 8.591E-22 7.664E-22 6.844E-22 6.198E-22 5.537E-22 5.001E-22
 4.487E-22 3.999E-22 3.628E-22 3.280E-22 2.989E-22 2.672E-22 2.407E-22 2.172E-22
 2.004E-22 1.849E-22 1.627E-22 1.393E-22 1.242E-22 1.063E-22 8.996E-23 6.406E-23
 3.900E-23 1.836E-23 6.569E-24 1.474E-30 0.000E+00 0.000E+00 0.000E+00 0.000E+00
 0.000E+00 0.000E+00 0.000E+00 0.000E+00 0.000E+00
