UALD      MAGNERON   at temp. T1/T2   298.0  298.0
 Bin  Wavelength (nm)   Solar Flux    X-sect(T1) X-sect(T2)
  1   177.49 - 178.30   1.023E+11     0.000E+00  0.000E+00
  2   178.30 - 179.26   1.443E+11     0.000E+00  0.000E+00
  3   179.26 - 180.38   1.624E+11     0.000E+00  0.000E+00
  4   180.38 - 181.65   2.136E+11     0.000E+00  0.000E+00
  5   181.65 - 183.08   2.998E+11     0.000E+00  0.000E+00
  6   183.08 - 184.65   2.927E+11     0.000E+00  0.000E+00
  7   184.65 - 186.37   3.082E+11     0.000E+00  0.000E+00
  8   186.37 - 188.24   4.765E+11     0.000E+00  0.000E+00
  9   188.24 - 190.25   6.149E+11     0.000E+00  0.000E+00
 10   190.25 - 192.42   7.709E+11     0.000E+00  0.000E+00
 11   192.42 - 194.73   9.205E+11     0.000E+00  0.000E+00
 12   194.73 - 197.20   1.345E+12     0.000E+00  0.000E+00
 13   197.20 - 198.50   7.772E+11     0.000E+00  0.000E+00
 14   198.50 - 200.00   9.630E+11     0.000E+00  0.000E+00
 15   200.00 - 202.50   1.930E+12     0.000E+00  0.000E+00
 16   202.50 - 204.00   1.291E+12     0.000E+00  0.000E+00
 17   204.00 - 206.50   2.593E+12     0.000E+00  0.000E+00
 18   206.50 - 209.50   4.391E+12     0.000E+00  0.000E+00
 19   209.50 - 212.50   8.905E+12     0.000E+00  0.000E+00
 20   212.50 - 215.50   1.081E+13     0.000E+00  0.000E+00
 21   215.50 - 218.50   1.153E+13     0.000E+00  0.000E+00
 22   218.50 - 221.50   1.451E+13     0.000E+00  0.000E+00
 23   221.50 - 225.00   2.131E+13     0.000E+00  0.000E+00
 24   225.00 - 229.00   2.063E+13     0.000E+00  0.000E+00
 25   229.00 - 233.00   2.298E+13     0.000E+00  0.000E+00
 26   233.00 - 237.50   2.396E+13     0.000E+00  0.000E+00
 27   237.50 - 242.50   2.822E+13     0.000E+00  0.000E+00
 28   242.50 - 248.00   3.842E+13     0.000E+00  0.000E+00
 29   248.00 - 254.00   3.790E+13     0.000E+00  0.000E+00
 30   254.00 - 260.00   7.566E+13     5.638E-23  5.638E-23
 31   260.00 - 265.50   1.072E+14     1.072E-22  1.072E-22
 32   265.50 - 270.50   1.715E+14     1.518E-22  1.518E-22
 33   270.50 - 275.50   1.277E+14     2.115E-22  2.115E-22
 34   275.50 - 280.00   1.204E+14     3.034E-22  3.034E-22
 35   280.00 - 283.50   1.214E+14     4.184E-22  4.184E-22
 36   283.50 - 286.50   1.035E+14     4.991E-22  4.991E-22
 37   286.50 - 289.00   1.229E+14     5.839E-22  5.839E-22
 38   289.00 - 291.00   1.601E+14     6.580E-22  6.580E-22
 39   291.00 - 293.00   1.540E+14     7.193E-22  7.193E-22
 40   293.00 - 295.00   1.526E+14     7.924E-22  7.924E-22
 41   295.00 - 296.75   1.481E+14     8.622E-22  8.622E-22
 42   296.75 - 298.25   1.190E+14     9.306E-22  9.306E-22
 43   298.25 - 299.55   8.872E+13     9.889E-22  9.889E-22
 44   299.55 - 300.50   6.089E+13     1.031E-21  1.031E-21
 45   300.50 - 301.50   7.177E+13     1.075E-21  1.075E-21
 46   301.50 - 302.50   6.438E+13     1.116E-21  1.116E-21
 47   302.50 - 303.50   9.648E+13     1.160E-21  1.160E-21
 48   303.50 - 304.50   8.564E+13     1.206E-21  1.206E-21
 49   304.50 - 305.50   9.661E+13     1.252E-21  1.252E-21
 50   305.50 - 306.50   8.102E+13     1.299E-21  1.299E-21
 51   306.50 - 307.45   8.878E+13     1.335E-21  1.335E-21
 52   307.45 - 308.50   1.037E+14     1.371E-21  1.371E-21
 53   308.50 - 309.45   8.216E+13     1.393E-21  1.393E-21
 54   309.45 - 310.50   8.354E+13     1.436E-21  1.436E-21
 55   310.50 - 311.50   1.308E+14     1.476E-21  1.476E-21
 56   311.50 - 312.45   1.019E+14     1.514E-21  1.514E-21
 57   312.45 - 313.50   1.135E+14     1.556E-21  1.556E-21
 58   313.50 - 314.50   1.144E+14     1.595E-21  1.595E-21
 59   314.50 - 315.70   1.297E+14     1.640E-21  1.640E-21
 60   315.70 - 317.20   1.504E+14     1.685E-21  1.685E-21
 61   317.20 - 318.70   1.733E+14     1.712E-21  1.712E-21
 62   318.70 - 320.30   1.893E+14     1.745E-21  1.745E-21
 63   320.30 - 322.50   2.728E+14     1.779E-21  1.779E-21
 64   322.50 - 326.95   6.081E+14     1.841E-21  1.841E-21
 65   326.95 - 334.95   1.296E+15     1.871E-21  1.871E-21
 66   334.95 - 345.00   1.609E+15     1.727E-21  1.727E-21
 67   345.00 - 355.05   1.766E+15     1.308E-21  1.308E-21
 68   355.05 - 365.03   1.744E+15     9.425E-22  9.425E-22
 69   365.03 - 375.00   2.097E+15     4.591E-22  4.591E-22
 70   375.00 - 389.95   3.038E+15     1.891E-22  1.891E-22
 71   389.95 - 412.45   6.791E+15     3.671E-24  3.671E-24
 72   412.45 - 437.55   9.281E+15     0.000E+00  0.000E+00
 73   437.55 - 485.10   2.224E+16     0.000E+00  0.000E+00
 74   485.10 - 560.10   3.676E+16     0.000E+00  0.000E+00
 75   560.10 - 635.10   3.960E+16     0.000E+00  0.000E+00
 76   635.10 - 760.20   6.302E+16     0.000E+00  0.000E+00
 77   760.20 - 850.00   4.013E+16     0.000E+00  0.000E+00

SOLAR FLUX
 1.023E+11 1.443E+11 1.624E+11 2.136E+11 2.998E+11 2.927E+11 3.082E+11 4.765E+11
 6.149E+11 7.709E+11 9.205E+11 1.345E+12 7.772E+11 9.630E+11 1.930E+12 1.291E+12
 2.593E+12 4.391E+12 8.905E+12 1.081E+13 1.153E+13 1.451E+13 2.131E+13 2.063E+13
 2.298E+13 2.396E+13 2.822E+13 3.842E+13 3.790E+13 7.566E+13 1.072E+14 1.715E+14
 1.277E+14 1.204E+14 1.214E+14 1.035E+14 1.229E+14 1.601E+14 1.540E+14 1.526E+14
 1.481E+14 1.190E+14 8.872E+13 6.089E+13 7.177E+13 6.438E+13 9.648E+13 8.564E+13
 9.661E+13 8.102E+13 8.878E+13 1.037E+14 8.216E+13 8.354E+13 1.308E+14 1.019E+14
 1.135E+14 1.144E+14 1.297E+14 1.504E+14 1.733E+14 1.893E+14 2.728E+14 6.081E+14
 1.296E+15 1.609E+15 1.766E+15 1.744E+15 2.097E+15 3.038E+15 6.791E+15 9.281E+15
 2.224E+16 3.676E+16 3.960E+16 6.302E+16 4.013E+16
UALD      MAGNERON   298.
 0.000E+00 0.000E+00 0.000E+00 0.000E+00 0.000E+00 0.000E+00 0.000E+00 0.000E+00
 0.000E+00 0.000E+00 0.000E+00 0.000E+00 0.000E+00 0.000E+00 0.000E+00 0.000E+00
 0.000E+00 0.000E+00 0.000E+00 0.000E+00 0.000E+00 0.000E+00 0.000E+00 0.000E+00
 0.000E+00 0.000E+00 0.000E+00 0.000E+00 0.000E+00 5.638E-23 1.072E-22 1.518E-22
 2.115E-22 3.034E-22 4.184E-22 4.991E-22 5.839E-22 6.580E-22 7.193E-22 7.924E-22
 8.622E-22 9.306E-22 9.889E-22 1.031E-21 1.075E-21 1.116E-21 1.160E-21 1.206E-21
 1.252E-21 1.299E-21 1.335E-21 1.371E-21 1.393E-21 1.436E-21 1.476E-21 1.514E-21
 1.556E-21 1.595E-21 1.640E-21 1.685E-21 1.712E-21 1.745E-21 1.779E-21 1.841E-21
 1.871E-21 1.727E-21 1.308E-21 9.425E-22 4.591E-22 1.891E-22 3.671E-24 0.000E+00
 0.000E+00 0.000E+00 0.000E+00 0.000E+00 0.000E+00
UALD      MAGNERON   298.
 0.000E+00 0.000E+00 0.000E+00 0.000E+00 0.000E+00 0.000E+00 0.000E+00 0.000E+00
 0.000E+00 0.000E+00 0.000E+00 0.000E+00 0.000E+00 0.000E+00 0.000E+00 0.000E+00
 0.000E+00 0.000E+00 0.000E+00 0.000E+00 0.000E+00 0.000E+00 0.000E+00 0.000E+00
 0.000E+00 0.000E+00 0.000E+00 0.000E+00 0.000E+00 5.638E-23 1.072E-22 1.518E-22
 2.115E-22 3.034E-22 4.184E-22 4.991E-22 5.839E-22 6.580E-22 7.193E-22 7.924E-22
 8.622E-22 9.306E-22 9.889E-22 1.031E-21 1.075E-21 1.116E-21 1.160E-21 1.206E-21
 1.252E-21 1.299E-21 1.335E-21 1.371E-21 1.393E-21 1.436E-21 1.476E-21 1.514E-21
 1.556E-21 1.595E-21 1.640E-21 1.685E-21 1.712E-21 1.745E-21 1.779E-21 1.841E-21
 1.871E-21 1.727E-21 1.308E-21 9.425E-22 4.591E-22 1.891E-22 3.671E-24 0.000E+00
 0.000E+00 0.000E+00 0.000E+00 0.000E+00 0.000E+00
