5.20E-02	1.00E-04
5.20E-02	1.00E-04
5.20E-02	1.00E-04
5.21E-02	1.00E-04
5.21E-02	1.00E-04
5.21E-02	1.00E-04
5.21E-02	1.00E-04
5.22E-02	1.00E-04
5.22E-02	1.00E-04
5.22E-02	1.00E-04
5.23E-02	1.00E-04
5.23E-02	1.00E-04
5.23E-02	1.00E-04
5.23E-02	1.00E-04
5.24E-02	1.00E-04
5.24E-02	1.00E-04
5.24E-02	1.00E-04
5.25E-02	1.00E-04
5.25E-02	1.00E-04
5.25E-02	1.00E-04
5.26E-02	1.00E-04
5.26E-02	1.00E-04
5.26E-02	1.00E-04
5.27E-02	1.00E-04
5.27E-02	1.00E-04
5.28E-02	1.00E-04
5.28E-02	1.00E-04
5.28E-02	1.00E-04
5.29E-02	1.00E-04
5.29E-02	1.00E-04
5.29E-02	1.00E-04
5.30E-02	1.00E-04
5.30E-02	1.00E-04
5.31E-02	1.00E-04
5.31E-02	1.00E-04
5.32E-02	1.18E-04
5.32E-02	1.42E-04
5.32E-02	1.72E-04
5.33E-02	2.07E-04
5.33E-02	2.49E-04
5.34E-02	3.00E-04
5.34E-02	3.60E-04
5.35E-02	4.33E-04
5.35E-02	5.19E-04
5.36E-02	6.22E-04
5.36E-02	7.45E-04
5.37E-02	8.91E-04
5.37E-02	1.06E-03
5.38E-02	1.27E-03
5.38E-02	1.51E-03
5.39E-02	1.80E-03
5.39E-02	2.14E-03
5.40E-02	2.55E-03
5.40E-02	3.03E-03
5.41E-02	3.59E-03
5.41E-02	4.25E-03
5.42E-02	5.03E-03
5.42E-02	5.95E-03
5.43E-02	7.03E-03
5.44E-02	8.30E-03
5.44E-02	9.78E-03
5.45E-02	1.15E-02
5.46E-02	1.36E-02
5.46E-02	1.59E-02
5.47E-02	1.87E-02
5.47E-02	2.19E-02
5.48E-02	2.57E-02
5.49E-02	3.01E-02
5.50E-02	3.52E-02
5.50E-02	4.11E-02
5.51E-02	4.80E-02
5.52E-02	5.59E-02
5.52E-02	6.51E-02
5.53E-02	7.58E-02
5.54E-02	8.81E-02
5.55E-02	1.02E-01
5.55E-02	1.19E-01
5.56E-02	1.37E-01
5.57E-02	1.59E-01
5.58E-02	1.84E-01
5.59E-02	2.13E-01
5.60E-02	2.45E-01
5.60E-02	2.83E-01
5.61E-02	3.26E-01
5.62E-02	3.75E-01
5.63E-02	4.31E-01
5.64E-02	4.95E-01
5.65E-02	5.68E-01
5.66E-02	6.51E-01
5.67E-02	7.46E-01
5.68E-02	8.53E-01
5.69E-02	9.75E-01
5.70E-02	1.11E+00
5.71E-02	1.27E+00
5.72E-02	1.45E+00
5.73E-02	1.65E+00
5.74E-02	1.87E+00
5.75E-02	2.13E+00
5.76E-02	2.41E+00
5.77E-02	2.73E+00
5.79E-02	3.10E+00
5.80E-02	3.51E+00
5.81E-02	3.96E+00
5.82E-02	4.47E+00
5.83E-02	5.05E+00
5.85E-02	5.69E+00
5.86E-02	6.41E+00
5.87E-02	7.21E+00
5.89E-02	8.10E+00
5.90E-02	9.09E+00
5.91E-02	1.02E+01
5.93E-02	1.14E+01
5.94E-02	1.28E+01
5.95E-02	1.43E+01
5.97E-02	1.60E+01
5.98E-02	1.78E+01
6.00E-02	1.99E+01
6.01E-02	2.22E+01
6.03E-02	2.47E+01
6.05E-02	2.74E+01
6.06E-02	3.04E+01
6.08E-02	3.38E+01
6.10E-02	3.74E+01
6.11E-02	4.15E+01
6.13E-02	4.59E+01
6.15E-02	5.07E+01
6.17E-02	5.60E+01
6.18E-02	6.18E+01
6.20E-02	6.81E+01
6.22E-02	7.50E+01
6.24E-02	8.25E+01
6.26E-02	9.07E+01
6.28E-02	9.96E+01
6.30E-02	1.09E+02
6.32E-02	1.20E+02
6.34E-02	1.31E+02
6.37E-02	1.43E+02
6.39E-02	1.57E+02
6.41E-02	1.71E+02
6.43E-02	1.86E+02
6.46E-02	2.03E+02
6.48E-02	2.21E+02
6.50E-02	2.41E+02
6.53E-02	2.61E+02
6.55E-02	2.84E+02
6.58E-02	3.08E+02
6.60E-02	3.33E+02
6.63E-02	3.61E+02
6.65E-02	3.90E+02
6.68E-02	4.22E+02
6.71E-02	4.55E+02
6.74E-02	4.91E+02
6.77E-02	5.29E+02
6.80E-02	5.70E+02
6.82E-02	6.13E+02
6.85E-02	6.59E+02
6.89E-02	7.08E+02
6.92E-02	7.61E+02
6.95E-02	8.17E+02
6.98E-02	8.77E+02
7.01E-02	9.42E+02
7.05E-02	1.01E+03
7.08E-02	1.09E+03
7.12E-02	1.17E+03
7.15E-02	1.27E+03
7.19E-02	1.37E+03
7.22E-02	1.49E+03
7.26E-02	1.62E+03
7.30E-02	1.78E+03
7.34E-02	1.96E+03
7.38E-02	2.17E+03
7.42E-02	2.42E+03
7.46E-02	2.72E+03
7.50E-02	3.07E+03
7.54E-02	3.48E+03
7.58E-02	3.97E+03
7.63E-02	4.54E+03
7.67E-02	5.21E+03
7.72E-02	5.99E+03
7.76E-02	6.88E+03
7.81E-02	7.89E+03
7.86E-02	9.04E+03
7.91E-02	1.03E+04
7.96E-02	1.17E+04
8.01E-02	1.33E+04
8.06E-02	1.50E+04
8.11E-02	1.67E+04
8.17E-02	1.86E+04
8.22E-02	2.05E+04
8.28E-02	2.24E+04
8.33E-02	2.43E+04
8.39E-02	2.62E+04
8.45E-02	2.80E+04
8.51E-02	2.97E+04
8.57E-02	3.11E+04
8.63E-02	3.24E+04
8.69E-02	3.35E+04
8.76E-02	3.42E+04
8.82E-02	3.47E+04
8.89E-02	3.50E+04
8.96E-02	3.49E+04
9.03E-02	3.45E+04
9.10E-02	3.39E+04
9.17E-02	3.30E+04
9.24E-02	3.19E+04
9.31E-02	3.06E+04
9.39E-02	2.92E+04
9.47E-02	2.77E+04
9.55E-02	2.61E+04
9.62E-02	2.46E+04
9.71E-02	2.30E+04
9.79E-02	2.14E+04
9.87E-02	2.00E+04
9.96E-02	1.86E+04
1.00E-01	1.74E+04
1.01E-01	1.62E+04
1.02E-01	1.52E+04
1.03E-01	1.43E+04
1.04E-01	1.35E+04
1.05E-01	1.29E+04
1.06E-01	1.23E+04
1.07E-01	1.19E+04
1.08E-01	1.15E+04
1.09E-01	1.12E+04
1.10E-01	1.10E+04
1.11E-01	1.08E+04
1.12E-01	1.07E+04
1.13E-01	1.06E+04
1.15E-01	1.05E+04
1.16E-01	1.04E+04
1.17E-01	1.04E+04
1.18E-01	1.04E+04
1.19E-01	1.03E+04
1.21E-01	1.03E+04
1.22E-01	1.03E+04
1.23E-01	1.02E+04
1.24E-01	1.02E+04
1.26E-01	1.02E+04
1.27E-01	1.01E+04
1.28E-01	1.00E+04
1.30E-01	9.98E+03
1.31E-01	9.91E+03
1.33E-01	9.82E+03
1.34E-01	9.73E+03
1.36E-01	9.64E+03
1.37E-01	9.53E+03
1.39E-01	9.42E+03
1.41E-01	9.30E+03
1.42E-01	9.17E+03
1.44E-01	9.04E+03
1.46E-01	8.90E+03
1.47E-01	8.76E+03
1.49E-01	8.61E+03
1.51E-01	8.45E+03
1.53E-01	8.29E+03
1.55E-01	8.12E+03
1.56E-01	7.96E+03
1.58E-01	7.78E+03
1.60E-01	7.61E+03
1.62E-01	7.43E+03
1.64E-01	7.25E+03
1.66E-01	7.06E+03
1.69E-01	6.88E+03
1.71E-01	6.69E+03
1.73E-01	6.51E+03
1.75E-01	6.32E+03
1.78E-01	6.13E+03
1.80E-01	5.94E+03
1.82E-01	5.75E+03
1.85E-01	5.57E+03
1.87E-01	5.38E+03
1.90E-01	5.20E+03
1.92E-01	5.02E+03
1.95E-01	4.83E+03
1.98E-01	4.66E+03
2.00E-01	4.48E+03
2.03E-01	4.31E+03
2.06E-01	4.14E+03
2.09E-01	3.97E+03
2.12E-01	3.81E+03
2.15E-01	3.64E+03
2.18E-01	3.49E+03
2.21E-01	3.33E+03
2.24E-01	3.18E+03
2.27E-01	3.04E+03
2.30E-01	2.90E+03
2.34E-01	2.76E+03
2.37E-01	2.63E+03
2.41E-01	2.50E+03
2.44E-01	2.37E+03
2.48E-01	2.25E+03
2.52E-01	2.13E+03
2.55E-01	2.02E+03
2.59E-01	1.91E+03
2.63E-01	1.81E+03
2.67E-01	1.71E+03
2.71E-01	1.61E+03
2.75E-01	1.52E+03
2.79E-01	1.43E+03
2.84E-01	1.35E+03
2.88E-01	1.27E+03
2.93E-01	1.19E+03
2.97E-01	1.12E+03
3.02E-01	1.05E+03
3.07E-01	9.80E+02
3.11E-01	9.17E+02
3.16E-01	8.57E+02
3.21E-01	8.01E+02
3.26E-01	7.48E+02
3.32E-01	6.97E+02
3.37E-01	6.49E+02
3.42E-01	6.05E+02
3.48E-01	5.62E+02
3.53E-01	5.22E+02
3.59E-01	4.85E+02
3.65E-01	4.50E+02
3.71E-01	4.17E+02
3.77E-01	3.86E+02
3.83E-01	3.57E+02
3.90E-01	3.30E+02
3.96E-01	3.05E+02
4.03E-01	2.81E+02
4.09E-01	2.59E+02
4.16E-01	2.39E+02
4.23E-01	2.20E+02
4.30E-01	2.02E+02
4.37E-01	1.86E+02
4.45E-01	1.70E+02
4.52E-01	1.56E+02
4.60E-01	1.43E+02
4.68E-01	1.31E+02
4.76E-01	1.20E+02
4.84E-01	1.10E+02
4.92E-01	1.01E+02
5.00E-01	9.21E+01
5.09E-01	8.41E+01
5.18E-01	7.68E+01
5.27E-01	7.01E+01
5.36E-01	6.40E+01
5.45E-01	5.84E+01
5.54E-01	5.33E+01
5.64E-01	4.86E+01
5.74E-01	4.43E+01
5.84E-01	4.04E+01
5.94E-01	3.69E+01
6.04E-01	3.37E+01
6.15E-01	3.08E+01
6.26E-01	2.81E+01
6.37E-01	2.57E+01
6.48E-01	2.35E+01
6.59E-01	2.16E+01
6.71E-01	1.98E+01
6.83E-01	1.82E+01
6.95E-01	1.68E+01
7.07E-01	1.55E+01
7.20E-01	1.43E+01
7.33E-01	1.32E+01
7.46E-01	1.23E+01
7.59E-01	1.14E+01
7.73E-01	1.07E+01
7.86E-01	1.00E+01
8.00E-01	9.40E+00
8.15E-01	8.85E+00
8.29E-01	8.37E+00
8.44E-01	7.93E+00
8.60E-01	7.54E+00
8.75E-01	7.19E+00
8.91E-01	6.88E+00
9.07E-01	6.60E+00
9.23E-01	6.35E+00
9.40E-01	6.13E+00
9.57E-01	5.93E+00
9.74E-01	5.75E+00
9.92E-01	5.59E+00
1.01E+00	5.44E+00
1.03E+00	5.31E+00
1.05E+00	5.18E+00
1.07E+00	5.07E+00
1.09E+00	4.97E+00
1.11E+00	4.87E+00
1.13E+00	4.79E+00
1.15E+00	4.70E+00
1.17E+00	4.63E+00
1.19E+00	4.55E+00
1.21E+00	4.48E+00
1.23E+00	4.41E+00
1.25E+00	4.35E+00
1.28E+00	4.28E+00
1.30E+00	4.22E+00
1.32E+00	4.16E+00
1.35E+00	4.10E+00
1.37E+00	4.04E+00
1.40E+00	3.98E+00
1.42E+00	3.92E+00
1.45E+00	3.86E+00
1.48E+00	3.80E+00
1.50E+00	3.74E+00
1.53E+00	3.68E+00
1.56E+00	3.62E+00
1.59E+00	3.56E+00
1.62E+00	3.50E+00
1.65E+00	3.44E+00
1.68E+00	3.37E+00
1.71E+00	3.31E+00
1.74E+00	3.25E+00
1.77E+00	3.19E+00
1.81E+00	3.12E+00
1.84E+00	3.06E+00
1.87E+00	3.00E+00
1.91E+00	2.93E+00
1.94E+00	2.87E+00
1.98E+00	2.80E+00
2.02E+00	2.74E+00
2.05E+00	2.68E+00
2.09E+00	2.61E+00
2.13E+00	2.55E+00
2.17E+00	2.49E+00
2.21E+00	2.42E+00
2.25E+00	2.36E+00
2.29E+00	2.30E+00
2.33E+00	2.24E+00
2.38E+00	2.18E+00
2.42E+00	2.11E+00
2.47E+00	2.05E+00
2.51E+00	1.99E+00
2.56E+00	1.94E+00
2.61E+00	1.88E+00
2.65E+00	1.82E+00
2.70E+00	1.76E+00
2.75E+00	1.71E+00
2.80E+00	1.65E+00
2.86E+00	1.60E+00
2.91E+00	1.55E+00
2.96E+00	1.49E+00
3.02E+00	1.44E+00
3.07E+00	1.39E+00
3.13E+00	1.34E+00
3.19E+00	1.30E+00
3.25E+00	1.25E+00
3.31E+00	1.20E+00
3.37E+00	1.16E+00
3.43E+00	1.11E+00
3.50E+00	1.07E+00
3.56E+00	1.03E+00
3.63E+00	9.90E-01
3.70E+00	9.50E-01
3.76E+00	9.12E-01
3.83E+00	8.74E-01
3.91E+00	8.38E-01
3.98E+00	8.03E-01
4.05E+00	7.69E-01
4.13E+00	7.36E-01
4.20E+00	7.03E-01
4.28E+00	6.72E-01
4.36E+00	6.42E-01
4.44E+00	6.13E-01
4.53E+00	5.85E-01
4.61E+00	5.58E-01
4.70E+00	5.32E-01
4.78E+00	5.07E-01
4.87E+00	4.83E-01
4.96E+00	4.60E-01
5.05E+00	4.37E-01
5.15E+00	4.16E-01
5.24E+00	3.95E-01
5.34E+00	3.75E-01
5.44E+00	3.56E-01
5.54E+00	3.38E-01
5.65E+00	3.20E-01
5.75E+00	3.03E-01
5.86E+00	2.87E-01
5.97E+00	2.72E-01
6.08E+00	2.57E-01
6.19E+00	2.43E-01
6.31E+00	2.30E-01
6.42E+00	2.17E-01
6.54E+00	2.05E-01
6.67E+00	1.93E-01
6.79E+00	1.82E-01
6.92E+00	1.72E-01
7.04E+00	1.62E-01
7.18E+00	1.52E-01
7.31E+00	1.43E-01
7.45E+00	1.35E-01
7.58E+00	1.27E-01
7.72E+00	1.19E-01
7.87E+00	1.12E-01
8.02E+00	1.05E-01
8.16E+00	9.82E-02
8.32E+00	9.21E-02
8.47E+00	8.62E-02
8.63E+00	8.07E-02
8.79E+00	7.56E-02
8.95E+00	7.07E-02
9.12E+00	6.60E-02
9.29E+00	6.17E-02
9.46E+00	5.76E-02
9.64E+00	5.38E-02
9.82E+00	5.01E-02
1.00E+01	4.75E-02
